% function [A,B,C,D,KpN,KiN,KpPt3,KiPt3,KpTt4,KiTt4,KpEPR,KiEPR,MNLinVec,...
%           RPM,NcLinVec,EPR,Pt3,Tt4,FN,FNper,Wf] = Alt0dT0

    function [MN,A, B, C, D,...
            N_Kp, N_Ki, Pt3_Kp, Pt3_Ki,...
            Tt4_Kp, Tt4_Ki, Tt5_Kp, Tt5_Ki,...
            NcFAN,...
            Pt21, Tt21,...
            Pt3, Tt3,...
            Tt4, Wf,...
            Pt5, Tt5,...
            Pt6, Tt6,...
            FN, FNper] = Alt0dT0

      
%UNTITLED2 Summary of this function goes here
%   Detailed explanation goes here
% 

%Altitude = 0 m
%dT =  K

MN = [
0.00000e+00 1.00000e-01 2.00000e-01 3.00000e-01 4.00000e-01 5.00000e-01 6.00000e-01 7.00000e-01 8.00000e-01 9.00000e-01 9.50000e-01];

% NcFAN = [
% 9.99790e-01 9.79802e-01 9.59813e-01 9.39817e-01 9.19802e-01 8.99792e-01 8.79777e-01 8.59761e-01 8.39759e-01 8.19730e-01 8.09740e-01 7.99678e-01 7.89680e-01 7.79668e-01 7.69665e-01 7.59659e-01;
% 9.99793e-01 9.79796e-01 9.59817e-01 9.39823e-01 9.19807e-01 8.99796e-01 8.79781e-01 8.59767e-01 8.39766e-01 8.19735e-01 8.09743e-01 7.99687e-01 7.89683e-01 7.79678e-01 7.69670e-01 7.59668e-01;
% 9.99793e-01 9.79797e-01 9.59808e-01 9.39829e-01 9.19819e-01 8.99802e-01 8.79790e-01 8.59780e-01 8.39781e-01 8.19752e-01 8.09741e-01 7.99706e-01 7.89702e-01 7.79694e-01 7.69686e-01 7.59688e-01;
% 9.99793e-01 9.79804e-01 9.59810e-01 9.39830e-01 9.19830e-01 8.99819e-01 8.79806e-01 8.59794e-01 8.39796e-01 8.19782e-01 8.09759e-01 7.99719e-01 7.89728e-01 7.79723e-01 7.69715e-01 7.59713e-01;
% 9.99793e-01 9.79795e-01 9.59807e-01 9.39820e-01 9.19847e-01 8.99843e-01 8.79825e-01 8.59814e-01 8.39816e-01 8.19806e-01 8.09807e-01 7.99759e-01 7.89763e-01 7.79757e-01 7.69747e-01 7.59744e-01;
% 9.99793e-01 9.79797e-01 9.59813e-01 9.39822e-01 9.19837e-01 8.99856e-01 8.89863e-01 8.79851e-01 8.69843e-01 8.59835e-01 8.49843e-01 8.39839e-01 8.29835e-01 8.19832e-01 8.09827e-01 7.99806e-01;
% 9.99794e-01 9.79799e-01 9.59808e-01 9.39830e-01 9.19845e-01 8.99857e-01 8.89856e-01 8.79862e-01 8.69864e-01 8.59866e-01 8.49868e-01 8.39863e-01 8.29860e-01 8.19859e-01 8.09854e-01 7.99839e-01;
% 9.99793e-01 9.79806e-01 9.59815e-01 9.39829e-01 9.19844e-01 8.99856e-01 8.89862e-01 8.79868e-01 8.69872e-01 8.59878e-01 8.49886e-01 8.39889e-01 8.29888e-01 8.19881e-01 8.09882e-01 7.99866e-01;
% 9.99791e-01 9.79810e-01 9.59807e-01 9.39818e-01 9.19836e-01 8.99851e-01 8.89869e-01 8.79873e-01 8.69877e-01 8.59886e-01 8.49899e-01 8.39893e-01 8.29914e-01 8.19906e-01 8.09902e-01 7.99897e-01;
% 9.99792e-01 9.79802e-01 9.59813e-01 9.39829e-01 9.19844e-01 8.99860e-01 8.89863e-01 8.79867e-01 8.69871e-01 8.59879e-01 8.49889e-01 8.39903e-01 8.29908e-01 8.19913e-01 8.09925e-01 7.99923e-01;
% 9.99790e-01 9.79804e-01 9.59814e-01 9.39818e-01 9.19840e-01 8.99854e-01 8.89864e-01 8.79868e-01 8.69878e-01 8.59883e-01 8.49893e-01 8.39900e-01 8.29906e-01 8.19914e-01 8.09918e-01 7.99930e-01];

A = [
-2.84110e+00 -2.92567e+00 -2.91010e+00 -2.89867e+00 -2.68982e+00 -2.48777e+00 -2.26833e+00 -2.02778e+00 -1.90018e+00 -1.65090e+00 -1.59307e+00 -1.41133e+00 -1.25039e+00 -1.20550e+00 -1.16308e+00 -1.11255e+00;
-2.85726e+00 -2.94259e+00 -2.92780e+00 -2.94377e+00 -2.72966e+00 -2.52197e+00 -2.29950e+00 -2.07341e+00 -1.93760e+00 -1.65536e+00 -1.61264e+00 -1.42841e+00 -1.26723e+00 -1.22200e+00 -1.17995e+00 -1.12828e+00;
-2.90598e+00 -2.99406e+00 -2.98119e+00 -3.02775e+00 -2.84578e+00 -2.62213e+00 -2.39047e+00 -2.20664e+00 -2.08913e+00 -1.73151e+00 -1.66712e+00 -1.47968e+00 -1.31659e+00 -1.27123e+00 -1.22668e+00 -1.17991e+00;
-2.98797e+00 -3.08097e+00 -3.07150e+00 -3.11829e+00 -3.05021e+00 -2.78979e+00 -2.54225e+00 -2.35888e+00 -2.29531e+00 -1.99795e+00 -1.83560e+00 -1.58665e+00 -1.40051e+00 -1.35262e+00 -1.30508e+00 -1.25694e+00;
-3.10462e+00 -3.20421e+00 -3.19730e+00 -3.24845e+00 -3.24350e+00 -3.05435e+00 -2.77149e+00 -2.54278e+00 -2.51394e+00 -2.27804e+00 -2.13472e+00 -1.86091e+00 -1.62258e+00 -1.49853e+00 -1.39473e+00 -1.33508e+00;
-3.25803e+00 -3.36720e+00 -3.36331e+00 -3.42204e+00 -3.41588e+00 -3.36067e+00 -3.25702e+00 -3.09275e+00 -2.95867e+00 -2.82696e+00 -2.78876e+00 -2.74957e+00 -2.62283e+00 -2.49230e+00 -2.37085e+00 -2.13300e+00;
-3.45207e+00 -3.57261e+00 -3.57390e+00 -3.64413e+00 -3.63584e+00 -3.57977e+00 -3.51781e+00 -3.47924e+00 -3.40532e+00 -3.23451e+00 -3.15893e+00 -3.07749e+00 -2.92692e+00 -2.78114e+00 -2.63639e+00 -2.38765e+00;
-3.69459e+00 -3.82445e+00 -3.83375e+00 -3.91771e+00 -3.90885e+00 -3.85207e+00 -3.78545e+00 -3.73789e+00 -3.71729e+00 -3.68239e+00 -3.70561e+00 -3.57027e+00 -3.35923e+00 -3.15913e+00 -2.96949e+00 -2.72119e+00;
-3.99251e+00 -4.13422e+00 -4.15135e+00 -4.25366e+00 -4.24558e+00 -4.18714e+00 -4.11563e+00 -4.06184e+00 -4.02945e+00 -3.99576e+00 -4.06546e+00 -4.11285e+00 -4.00755e+00 -3.71520e+00 -3.51111e+00 -3.23243e+00;
-4.34221e+00 -4.50240e+00 -4.52036e+00 -4.64612e+00 -4.63688e+00 -4.58300e+00 -4.50510e+00 -4.44504e+00 -4.40295e+00 -4.36277e+00 -4.44173e+00 -4.49419e+00 -4.40679e+00 -4.30775e+00 -4.28454e+00 -3.99360e+00;
-4.54223e+00 -4.70860e+00 -4.73458e+00 -4.86940e+00 -4.86070e+00 -4.81176e+00 -4.72982e+00 -4.66581e+00 -4.61917e+00 -4.57564e+00 -4.65746e+00 -4.71309e+00 -4.62779e+00 -4.51870e+00 -4.50670e+00 -4.41832e+00];

B = [
8.60784e+04 9.65521e+04 9.78002e+04 1.04607e+05 1.18404e+05 1.27660e+05 1.39296e+05 1.45781e+05 1.49049e+05 1.62703e+05 1.65431e+05 1.70307e+05 1.72336e+05 1.74180e+05 1.76467e+05 1.76323e+05;
8.57925e+04 9.64221e+04 9.76762e+04 1.03151e+05 1.17350e+05 1.26775e+05 1.38518e+05 1.49967e+05 1.52863e+05 1.60761e+05 1.65773e+05 1.70390e+05 1.72766e+05 1.74212e+05 1.76503e+05 1.76585e+05;
8.48956e+04 9.59912e+04 9.73303e+04 1.01111e+05 1.13870e+05 1.24050e+05 1.36311e+05 1.50084e+05 1.58128e+05 1.62671e+05 1.65859e+05 1.70016e+05 1.72183e+05 1.74174e+05 1.76213e+05 1.78132e+05;
8.25021e+04 9.47357e+04 9.67276e+04 1.00303e+05 1.07011e+05 1.20596e+05 1.32423e+05 1.45225e+05 1.61707e+05 1.67238e+05 1.66205e+05 1.66809e+05 1.71635e+05 1.74746e+05 1.77870e+05 1.80616e+05;
8.03803e+04 9.19640e+04 9.58884e+04 9.92278e+04 1.02608e+05 1.11663e+05 1.27237e+05 1.40216e+05 1.55770e+05 1.65736e+05 1.70367e+05 1.74842e+05 1.77559e+05 1.72717e+05 1.74158e+05 1.77433e+05;
7.77589e+04 9.01296e+04 9.27396e+04 9.79511e+04 1.01019e+05 1.03680e+05 1.09041e+05 1.18219e+05 1.25185e+05 1.33267e+05 1.41220e+05 1.48255e+05 1.54389e+05 1.59945e+05 1.63628e+05 1.70237e+05;
7.56305e+04 8.59758e+04 9.11942e+04 9.65728e+04 9.90268e+04 1.01620e+05 1.04335e+05 1.06821e+05 1.12884e+05 1.21518e+05 1.29532e+05 1.37777e+05 1.44897e+05 1.51287e+05 1.57515e+05 1.60683e+05;
7.38531e+04 8.20724e+04 8.93018e+04 9.48365e+04 9.67971e+04 9.94948e+04 1.02258e+05 1.03900e+05 1.07570e+05 1.10040e+05 1.13216e+05 1.22596e+05 1.31792e+05 1.39320e+05 1.44878e+05 1.57495e+05;
7.23219e+04 7.79306e+04 8.70812e+04 9.28358e+04 9.45350e+04 9.72490e+04 9.99881e+04 1.01395e+05 1.03911e+05 1.06997e+05 1.09115e+05 1.10478e+05 1.12985e+05 1.22294e+05 1.37456e+05 1.48294e+05;
7.06674e+04 7.42153e+04 8.43098e+04 9.04376e+04 9.20898e+04 9.49459e+04 9.75906e+04 9.89443e+04 1.00716e+05 1.03380e+05 1.05962e+05 1.07725e+05 1.09351e+05 1.10017e+05 1.22452e+05 1.36205e+05;
6.97993e+04 7.24434e+04 8.29202e+04 8.91269e+04 9.08380e+04 9.38224e+04 9.63448e+04 9.76501e+04 9.92144e+04 1.01600e+05 1.04164e+05 1.06123e+05 1.08109e+05 1.09431e+05 1.20810e+05 1.26704e+05];

C = [
1.00000e+00 1.00000e+00 1.00000e+00 1.00000e+00 1.00000e+00 1.00000e+00 1.00000e+00 1.00000e+00 1.00000e+00 1.00000e+00 1.00000e+00 1.00000e+00 1.00000e+00 1.00000e+00 1.00000e+00 1.00000e+00;
1.99628e+01 2.27681e+01 2.22181e+01 2.37550e+01 2.34639e+01 2.38647e+01 2.41713e+01 2.39589e+01 2.59081e+01 2.57153e+01 2.55852e+01 2.55899e+01 2.56608e+01 2.55654e+01 2.54431e+01 2.52982e+01;
9.49778e-03 8.86225e-03 8.90572e-03 8.86957e-03 9.20793e-03 9.36245e-03 9.53159e-03 1.00209e-02 1.11138e-02 1.16719e-02 1.19615e-02 1.15948e-02 1.13134e-02 1.16968e-02 1.20860e-02 1.24772e-02;
-2.29039e-02 -2.82109e-02 -2.65387e-02 -2.83368e-02 -2.67876e-02 -2.70758e-02 -2.74467e-02 -2.66674e-02 -2.91923e-02 -2.94808e-02 -2.97916e-02 -3.10865e-02 -3.28694e-02 -3.36630e-02 -3.45254e-02 -3.55253e-02;
8.46606e+00 9.77059e+00 9.54120e+00 9.99420e+00 9.13494e+00 8.65715e+00 8.14474e+00 7.47075e+00 7.55822e+00 6.94965e+00 6.70088e+00 6.49407e+00 6.32981e+00 6.12398e+00 5.93806e+00 5.71845e+00;
-2.21393e-02 -2.66896e-02 -2.49096e-02 -2.66262e-02 -2.59274e-02 -2.69629e-02 -2.81740e-02 -2.85944e-02 -3.25322e-02 -3.41735e-02 -3.49006e-02 -3.65814e-02 -3.87514e-02 -4.00111e-02 -4.13329e-02 -4.28335e-02;
1.00000e+00 1.00000e+00 1.00000e+00 1.00000e+00 1.00000e+00 1.00000e+00 1.00000e+00 1.00000e+00 1.00000e+00 1.00000e+00 1.00000e+00 1.00000e+00 1.00000e+00 1.00000e+00 1.00000e+00 1.00000e+00;
2.00846e+01 2.29091e+01 2.23536e+01 2.38962e+01 2.35890e+01 2.39792e+01 2.42438e+01 2.40208e+01 2.59500e+01 2.57804e+01 2.56266e+01 2.56878e+01 2.57874e+01 2.56941e+01 2.55644e+01 2.54249e+01;
9.50568e-03 8.87014e-03 8.91351e-03 8.87645e-03 9.22215e-03 9.36496e-03 9.53275e-03 1.00060e-02 1.10973e-02 1.16748e-02 1.19726e-02 1.15974e-02 1.13242e-02 1.17105e-02 1.20994e-02 1.24956e-02;
-2.29304e-02 -2.82466e-02 -2.65728e-02 -2.83561e-02 -2.67219e-02 -2.69513e-02 -2.72137e-02 -2.64388e-02 -2.88946e-02 -2.89797e-02 -2.92050e-02 -3.05804e-02 -3.23615e-02 -3.31086e-02 -3.39327e-02 -3.48743e-02;
8.51718e+00 9.83234e+00 9.60216e+00 1.01640e+01 9.26580e+00 8.77070e+00 8.23001e+00 7.55644e+00 7.58793e+00 6.94414e+00 6.73973e+00 6.54588e+00 6.38528e+00 6.17585e+00 5.98735e+00 5.76382e+00;
-2.21695e-02 -2.67283e-02 -2.49436e-02 -2.65427e-02 -2.57754e-02 -2.67553e-02 -2.78587e-02 -2.82046e-02 -3.21006e-02 -3.36837e-02 -3.42656e-02 -3.60284e-02 -3.82018e-02 -3.94177e-02 -4.06976e-02 -4.21481e-02;
1.00000e+00 1.00000e+00 1.00000e+00 1.00000e+00 1.00000e+00 1.00000e+00 1.00000e+00 1.00000e+00 1.00000e+00 1.00000e+00 1.00000e+00 1.00000e+00 1.00000e+00 1.00000e+00 1.00000e+00 1.00000e+00;
2.04582e+01 2.33344e+01 2.27659e+01 2.43321e+01 2.39858e+01 2.43425e+01 2.44735e+01 2.42125e+01 2.60914e+01 2.59486e+01 2.58695e+01 2.59929e+01 2.61779e+01 2.60706e+01 2.59440e+01 2.57970e+01;
9.52846e-03 8.89343e-03 8.93718e-03 8.89755e-03 9.26448e-03 9.37721e-03 9.54191e-03 9.95935e-03 1.10532e-02 1.16765e-02 1.19657e-02 1.15985e-02 1.13598e-02 1.17476e-02 1.21455e-02 1.25533e-02;
-2.30200e-02 -2.83513e-02 -2.66743e-02 -2.84583e-02 -2.65697e-02 -2.66114e-02 -2.65889e-02 -2.58081e-02 -2.77931e-02 -2.75545e-02 -2.77127e-02 -2.91911e-02 -3.08580e-02 -3.14956e-02 -3.21907e-02 -3.29708e-02;
8.67343e+00 1.00188e+01 9.78824e+00 1.04743e+01 9.67404e+00 9.12122e+00 8.47291e+00 7.82586e+00 7.84771e+00 7.09562e+00 6.91173e+00 6.70679e+00 6.55271e+00 6.33547e+00 6.12928e+00 5.91776e+00;
-2.22700e-02 -2.68407e-02 -2.50449e-02 -2.65324e-02 -2.53855e-02 -2.61864e-02 -2.70101e-02 -2.71134e-02 -3.04405e-02 -3.20255e-02 -3.26191e-02 -3.44977e-02 -3.65841e-02 -3.76882e-02 -3.88546e-02 -4.01268e-02;
1.00000e+00 1.00000e+00 1.00000e+00 1.00000e+00 1.00000e+00 1.00000e+00 1.00000e+00 1.00000e+00 1.00000e+00 1.00000e+00 1.00000e+00 1.00000e+00 1.00000e+00 1.00000e+00 1.00000e+00 1.00000e+00;
2.10918e+01 2.40528e+01 2.34638e+01 2.50723e+01 2.46856e+01 2.49954e+01 2.50096e+01 2.46809e+01 2.64387e+01 2.62094e+01 2.61624e+01 2.64948e+01 2.67592e+01 2.65719e+01 2.64556e+01 2.62746e+01;
9.56633e-03 8.93141e-03 8.97682e-03 8.93288e-03 9.31543e-03 9.40720e-03 9.55203e-03 9.94248e-03 1.10194e-02 1.15749e-02 1.18803e-02 1.15942e-02 1.14087e-02 1.18075e-02 1.22216e-02 1.26276e-02;
-2.31688e-02 -2.85246e-02 -2.68421e-02 -2.86374e-02 -2.65020e-02 -2.61689e-02 -2.57444e-02 -2.47696e-02 -2.63205e-02 -2.56420e-02 -2.55802e-02 -2.69320e-02 -2.84346e-02 -2.87252e-02 -2.92737e-02 -2.98315e-02;
8.93663e+00 1.03322e+01 1.01037e+01 1.07972e+01 1.04244e+01 9.74677e+00 9.01164e+00 8.27132e+00 8.21890e+00 7.51317e+00 7.23189e+00 7.00072e+00 6.82498e+00 6.56801e+00 6.33810e+00 6.11240e+00;
-2.24384e-02 -2.70272e-02 -2.52136e-02 -2.67123e-02 -2.48928e-02 -2.53905e-02 -2.58099e-02 -2.56625e-02 -2.82956e-02 -2.90823e-02 -2.98579e-02 -3.19163e-02 -3.39633e-02 -3.47292e-02 -3.57714e-02 -3.68172e-02;
1.00000e+00 1.00000e+00 1.00000e+00 1.00000e+00 1.00000e+00 1.00000e+00 1.00000e+00 1.00000e+00 1.00000e+00 1.00000e+00 1.00000e+00 1.00000e+00 1.00000e+00 1.00000e+00 1.00000e+00 1.00000e+00;
2.20008e+01 2.50888e+01 2.44713e+01 2.61338e+01 2.57228e+01 2.59652e+01 2.59081e+01 2.54941e+01 2.71820e+01 2.66901e+01 2.63992e+01 2.68135e+01 2.73489e+01 2.73238e+01 2.72845e+01 2.70952e+01;
9.61889e-03 8.98010e-03 9.03391e-03 8.98243e-03 9.36415e-03 9.45610e-03 9.58293e-03 9.97272e-03 1.09981e-02 1.14906e-02 1.17594e-02 1.14617e-02 1.12858e-02 1.17261e-02 1.21871e-02 1.26584e-02;
-2.33773e-02 -2.87813e-02 -2.70726e-02 -2.88884e-02 -2.67136e-02 -2.58361e-02 -2.48845e-02 -2.34886e-02 -2.45379e-02 -2.34912e-02 -2.27900e-02 -2.40664e-02 -2.55468e-02 -2.56456e-02 -2.58434e-02 -2.59917e-02;
9.31000e+00 1.07806e+01 1.05537e+01 1.12654e+01 1.11199e+01 1.07406e+01 9.89194e+00 8.93861e+00 8.88659e+00 7.99942e+00 7.58764e+00 7.42741e+00 7.25839e+00 6.95871e+00 6.67937e+00 6.40834e+00;
-2.26764e-02 -2.73030e-02 -2.54594e-02 -2.69634e-02 -2.48717e-02 -2.45094e-02 -2.44496e-02 -2.40044e-02 -2.59272e-02 -2.59831e-02 -2.59661e-02 -2.79951e-02 -3.02149e-02 -3.11328e-02 -3.20933e-02 -3.28294e-02;
1.00000e+00 1.00000e+00 1.00000e+00 1.00000e+00 1.00000e+00 1.00000e+00 1.00000e+00 1.00000e+00 1.00000e+00 1.00000e+00 1.00000e+00 1.00000e+00 1.00000e+00 1.00000e+00 1.00000e+00 1.00000e+00;
2.32102e+01 2.64656e+01 2.58030e+01 2.75415e+01 2.71047e+01 2.73379e+01 2.74632e+01 2.71401e+01 2.68881e+01 2.66512e+01 2.74979e+01 2.82498e+01 2.78049e+01 2.75448e+01 2.73017e+01 2.77946e+01;
9.68538e-03 9.04146e-03 9.10534e-03 9.04563e-03 9.41846e-03 9.52252e-03 9.46234e-03 9.62570e-03 9.82694e-03 1.00420e-02 1.05294e-02 1.10041e-02 1.12551e-02 1.15045e-02 1.17587e-02 1.14472e-02;
-2.36484e-02 -2.91065e-02 -2.73645e-02 -2.92052e-02 -2.70338e-02 -2.59986e-02 -2.55049e-02 -2.42529e-02 -2.32697e-02 -2.23831e-02 -2.25558e-02 -2.26818e-02 -2.15472e-02 -2.08219e-02 -2.01812e-02 -2.10907e-02;
9.79924e+00 1.13707e+01 1.11448e+01 1.18971e+01 1.17173e+01 1.18756e+01 1.17805e+01 1.11290e+01 1.05562e+01 9.98231e+00 9.86237e+00 9.73178e+00 9.17004e+00 8.65022e+00 8.22270e+00 8.02742e+00;
-2.29877e-02 -2.76529e-02 -2.57723e-02 -2.72777e-02 -2.51824e-02 -2.41772e-02 -2.38522e-02 -2.31602e-02 -2.26887e-02 -2.23320e-02 -2.29875e-02 -2.35883e-02 -2.29955e-02 -2.28494e-02 -2.27728e-02 -2.42239e-02;
1.00000e+00 1.00000e+00 1.00000e+00 1.00000e+00 1.00000e+00 1.00000e+00 1.00000e+00 1.00000e+00 1.00000e+00 1.00000e+00 1.00000e+00 1.00000e+00 1.00000e+00 1.00000e+00 1.00000e+00 1.00000e+00;
2.47495e+01 2.82164e+01 2.74984e+01 2.93281e+01 2.88607e+01 2.91175e+01 2.92484e+01 2.88551e+01 2.85516e+01 2.82224e+01 2.89717e+01 2.94939e+01 2.91837e+01 2.88614e+01 2.84873e+01 2.91578e+01;
9.76511e-03 9.11492e-03 9.19223e-03 9.12201e-03 9.48439e-03 9.60266e-03 9.54657e-03 9.70297e-03 9.92929e-03 1.01278e-02 1.05785e-02 1.10555e-02 1.12999e-02 1.15510e-02 1.18258e-02 1.14951e-02;
-2.39808e-02 -2.94985e-02 -2.77169e-02 -2.95850e-02 -2.74168e-02 -2.63771e-02 -2.58472e-02 -2.43338e-02 -2.28940e-02 -2.15367e-02 -2.12685e-02 -2.07434e-02 -1.95446e-02 -1.83788e-02 -1.72879e-02 -1.80789e-02;
1.04146e+01 1.21111e+01 1.18913e+01 1.27140e+01 1.24893e+01 1.26333e+01 1.27320e+01 1.26109e+01 1.22720e+01 1.15476e+01 1.12697e+01 1.09096e+01 1.02926e+01 9.69429e+00 9.08216e+00 8.91514e+00;
-2.33687e-02 -2.80777e-02 -2.61506e-02 -2.76499e-02 -2.55515e-02 -2.45446e-02 -2.40281e-02 -2.26069e-02 -2.14488e-02 -2.06877e-02 -2.09665e-02 -2.10286e-02 -2.04182e-02 -1.98481e-02 -1.93885e-02 -2.06904e-02;
1.00000e+00 1.00000e+00 1.00000e+00 1.00000e+00 1.00000e+00 1.00000e+00 1.00000e+00 1.00000e+00 1.00000e+00 1.00000e+00 1.00000e+00 1.00000e+00 1.00000e+00 1.00000e+00 1.00000e+00 1.00000e+00;
2.66538e+01 3.03865e+01 2.95938e+01 3.15367e+01 3.10317e+01 3.13083e+01 3.14565e+01 3.10309e+01 3.06898e+01 3.02896e+01 3.08656e+01 3.14136e+01 3.09984e+01 3.05890e+01 3.02044e+01 3.09986e+01;
9.85576e-03 9.19925e-03 9.29268e-03 9.21114e-03 9.56174e-03 9.69872e-03 9.64529e-03 9.80249e-03 1.00249e-02 1.02240e-02 1.06737e-02 1.11297e-02 1.13768e-02 1.16150e-02 1.18159e-02 1.16306e-02;
-2.43710e-02 -2.99702e-02 -2.81307e-02 -3.00264e-02 -2.78638e-02 -2.68254e-02 -2.62780e-02 -2.47363e-02 -2.32382e-02 -2.16008e-02 -2.06720e-02 -1.96552e-02 -1.78688e-02 -1.62461e-02 -1.49070e-02 -1.52123e-02;
1.11840e+01 1.30134e+01 1.28030e+01 1.37198e+01 1.34620e+01 1.35756e+01 1.36710e+01 1.35336e+01 1.34312e+01 1.32725e+01 1.33668e+01 1.28180e+01 1.19495e+01 1.11590e+01 1.04463e+01 1.01988e+01;
-2.38039e-02 -2.85910e-02 -2.65951e-02 -2.80864e-02 -2.59800e-02 -2.49793e-02 -2.44479e-02 -2.30163e-02 -2.16095e-02 -2.00832e-02 -1.93290e-02 -1.90075e-02 -1.79520e-02 -1.70436e-02 -1.63793e-02 -1.72607e-02;
1.00000e+00 1.00000e+00 1.00000e+00 1.00000e+00 1.00000e+00 1.00000e+00 1.00000e+00 1.00000e+00 1.00000e+00 1.00000e+00 1.00000e+00 1.00000e+00 1.00000e+00 1.00000e+00 1.00000e+00 1.00000e+00;
2.89880e+01 3.30719e+01 3.21729e+01 3.42490e+01 3.37019e+01 3.40018e+01 3.41727e+01 3.37059e+01 3.33136e+01 3.28886e+01 3.35291e+01 3.40409e+01 3.33544e+01 3.29183e+01 3.23051e+01 3.30060e+01;
9.95542e-03 9.29582e-03 9.40700e-03 9.31290e-03 9.65143e-03 9.81090e-03 9.75871e-03 9.91837e-03 1.01325e-02 1.03403e-02 1.07912e-02 1.12484e-02 1.14770e-02 1.16618e-02 1.19012e-02 1.15270e-02;
-2.48186e-02 -3.05150e-02 -2.86078e-02 -3.05305e-02 -2.83764e-02 -2.73176e-02 -2.67797e-02 -2.52049e-02 -2.36650e-02 -2.19856e-02 -2.10516e-02 -1.97174e-02 -1.72243e-02 -1.49920e-02 -1.30469e-02 -1.32908e-02;
1.21428e+01 1.41199e+01 1.39080e+01 1.49416e+01 1.46856e+01 1.47533e+01 1.48393e+01 1.46718e+01 1.45496e+01 1.44125e+01 1.47216e+01 1.49349e+01 1.44854e+01 1.34051e+01 1.24808e+01 1.21694e+01;
-2.42963e-02 -2.91795e-02 -2.71094e-02 -2.85853e-02 -2.64694e-02 -2.54570e-02 -2.49349e-02 -2.34762e-02 -2.20468e-02 -2.04737e-02 -1.95785e-02 -1.83308e-02 -1.61321e-02 -1.47715e-02 -1.35108e-02 -1.41771e-02;
1.00000e+00 1.00000e+00 1.00000e+00 1.00000e+00 1.00000e+00 1.00000e+00 1.00000e+00 1.00000e+00 1.00000e+00 1.00000e+00 1.00000e+00 1.00000e+00 1.00000e+00 1.00000e+00 1.00000e+00 1.00000e+00;
3.17281e+01 3.62264e+01 3.52078e+01 3.74365e+01 3.68452e+01 3.71660e+01 3.73783e+01 3.68533e+01 3.64015e+01 3.59451e+01 3.66666e+01 3.71889e+01 3.64341e+01 3.58337e+01 3.48205e+01 3.54828e+01;
1.00588e-02 9.40251e-03 9.52876e-03 9.42119e-03 9.74965e-03 9.93303e-03 9.88237e-03 1.00459e-02 1.02512e-02 1.04684e-02 1.09219e-02 1.13853e-02 1.16177e-02 1.17705e-02 1.18789e-02 1.14874e-02;
-2.53015e-02 -3.11075e-02 -2.91363e-02 -3.10771e-02 -2.89243e-02 -2.78466e-02 -2.73264e-02 -2.57060e-02 -2.41326e-02 -2.24238e-02 -2.14844e-02 -2.00875e-02 -1.75590e-02 -1.51166e-02 -1.26126e-02 -1.23155e-02;
1.32893e+01 1.54358e+01 1.51760e+01 1.63560e+01 1.61203e+01 1.61683e+01 1.62418e+01 1.60277e+01 1.58685e+01 1.57258e+01 1.61073e+01 1.63499e+01 1.59810e+01 1.56974e+01 1.54468e+01 1.50866e+01;
-2.48218e-02 -2.98079e-02 -2.76858e-02 -2.91319e-02 -2.70056e-02 -2.59673e-02 -2.54644e-02 -2.39642e-02 -2.25078e-02 -2.09220e-02 -2.00135e-02 -1.87026e-02 -1.63903e-02 -1.41350e-02 -1.15655e-02 -1.16007e-02;
1.00000e+00 1.00000e+00 1.00000e+00 1.00000e+00 1.00000e+00 1.00000e+00 1.00000e+00 1.00000e+00 1.00000e+00 1.00000e+00 1.00000e+00 1.00000e+00 1.00000e+00 1.00000e+00 1.00000e+00 1.00000e+00;
3.33075e+01 3.79886e+01 3.69556e+01 3.92691e+01 3.86504e+01 3.89855e+01 3.92202e+01 3.86614e+01 3.81736e+01 3.77038e+01 3.84713e+01 3.89978e+01 3.82776e+01 3.75760e+01 3.65169e+01 3.71447e+01;
1.01084e-02 9.45115e-03 9.59279e-03 9.47399e-03 9.80177e-03 9.99811e-03 9.94851e-03 1.01144e-02 1.03146e-02 1.05380e-02 1.09928e-02 1.14603e-02 1.17127e-02 1.18490e-02 1.19602e-02 1.15518e-02;
-2.55665e-02 -3.14357e-02 -2.94275e-02 -3.13839e-02 -2.92203e-02 -2.81366e-02 -2.76251e-02 -2.59804e-02 -2.43933e-02 -2.26646e-02 -2.17179e-02 -2.02872e-02 -1.76995e-02 -1.52750e-02 -1.27515e-02 -1.22741e-02;
1.39629e+01 1.61629e+01 1.59064e+01 1.71571e+01 1.69366e+01 1.69992e+01 1.70605e+01 1.68155e+01 1.66299e+01 1.64786e+01 1.68953e+01 1.71568e+01 1.68194e+01 1.64835e+01 1.62616e+01 1.68061e+01;
-2.51054e-02 -3.01592e-02 -2.79957e-02 -2.94394e-02 -2.72974e-02 -2.62443e-02 -2.57524e-02 -2.42309e-02 -2.27614e-02 -2.11631e-02 -2.02496e-02 -1.89044e-02 -1.65321e-02 -1.42941e-02 -1.16682e-02 -1.08674e-02];

D = [
0.00000e+00 0.00000e+00 0.00000e+00 0.00000e+00 0.00000e+00 0.00000e+00 0.00000e+00 0.00000e+00 0.00000e+00 0.00000e+00 0.00000e+00 0.00000e+00 0.00000e+00 0.00000e+00 0.00000e+00 0.00000e+00;
7.99714e+05 8.11090e+05 8.56096e+05 8.94984e+05 9.17838e+05 9.49103e+05 9.50977e+05 9.55658e+05 9.30956e+05 9.05194e+05 8.96116e+05 8.87706e+05 8.89708e+05 8.91093e+05 8.89346e+05 8.87372e+05;
2.45557e+02 2.52213e+02 2.75853e+02 2.82940e+02 3.01529e+02 3.23561e+02 3.36138e+02 3.42580e+02 3.51989e+02 3.63188e+02 3.64702e+02 3.63300e+02 3.68969e+02 3.77225e+02 3.84737e+02 3.92783e+02;
4.07263e+03 4.28101e+03 4.49884e+03 4.69693e+03 4.93241e+03 5.20561e+03 5.48022e+03 5.75131e+03 6.11418e+03 6.51166e+03 6.71201e+03 6.92238e+03 7.09695e+03 7.31434e+03 7.51825e+03 7.74771e+03;
4.38327e+05 4.42308e+05 4.72216e+05 4.83965e+05 4.44884e+05 4.24914e+05 3.90162e+05 3.67558e+05 3.37209e+05 2.93136e+05 2.86918e+05 2.74472e+05 2.66632e+05 2.59548e+05 2.46442e+05 2.42306e+05;
3.71680e+03 3.88183e+03 4.07273e+03 4.23549e+03 4.39748e+03 4.60941e+03 4.81775e+03 5.04477e+03 5.37280e+03 5.68603e+03 5.86367e+03 6.04366e+03 6.19230e+03 6.38212e+03 6.55534e+03 6.76414e+03;
0.00000e+00 0.00000e+00 0.00000e+00 0.00000e+00 0.00000e+00 0.00000e+00 0.00000e+00 0.00000e+00 0.00000e+00 0.00000e+00 0.00000e+00 0.00000e+00 0.00000e+00 0.00000e+00 0.00000e+00 0.00000e+00;
7.98121e+05 8.09200e+05 8.54266e+05 8.93805e+05 9.17402e+05 9.49479e+05 9.54905e+05 9.63851e+05 9.35267e+05 9.09783e+05 9.04015e+05 8.93373e+05 8.94610e+05 8.94785e+05 8.93231e+05 8.92937e+05;
2.43785e+02 2.50308e+02 2.73819e+02 2.81111e+02 2.98772e+02 3.22360e+02 3.34630e+02 3.44381e+02 3.52603e+02 3.61848e+02 3.62410e+02 3.62887e+02 3.70346e+02 3.78214e+02 3.85947e+02 3.94880e+02;
4.04536e+03 4.25244e+03 4.46882e+03 4.66619e+03 4.90041e+03 5.17508e+03 5.44460e+03 5.72866e+03 6.09583e+03 6.47266e+03 6.66419e+03 6.87851e+03 7.05568e+03 7.27575e+03 7.47854e+03 7.70819e+03;
4.37694e+05 4.41201e+05 4.71027e+05 4.88640e+05 4.49374e+05 4.28036e+05 3.94524e+05 3.61679e+05 3.25401e+05 3.03870e+05 2.90778e+05 2.77602e+05 2.67112e+05 2.61887e+05 2.48792e+05 2.44384e+05;
3.69272e+03 3.85625e+03 4.04585e+03 4.21280e+03 4.37321e+03 4.58490e+03 4.78815e+03 5.00570e+03 5.34035e+03 5.65840e+03 5.81819e+03 6.00177e+03 6.14989e+03 6.34464e+03 6.51653e+03 6.72366e+03;
0.00000e+00 0.00000e+00 0.00000e+00 0.00000e+00 0.00000e+00 0.00000e+00 0.00000e+00 0.00000e+00 0.00000e+00 0.00000e+00 0.00000e+00 0.00000e+00 0.00000e+00 0.00000e+00 0.00000e+00 0.00000e+00;
7.93317e+05 8.03660e+05 8.48800e+05 8.89899e+05 9.15225e+05 9.50178e+05 9.69402e+05 9.71756e+05 9.54596e+05 9.23669e+05 9.15026e+05 9.04318e+05 9.05231e+05 9.05267e+05 9.05792e+05 9.12120e+05;
2.38547e+02 2.44727e+02 2.67829e+02 2.75511e+02 2.91427e+02 3.18576e+02 3.29265e+02 3.43749e+02 3.56689e+02 3.56800e+02 3.61120e+02 3.64751e+02 3.72699e+02 3.80868e+02 3.89071e+02 3.95030e+02;
3.96498e+03 4.16809e+03 4.38041e+03 4.57450e+03 4.80638e+03 5.08424e+03 5.33293e+03 5.63626e+03 6.01176e+03 6.35546e+03 6.54252e+03 6.77112e+03 6.94571e+03 7.15946e+03 7.36442e+03 7.57007e+03;
4.35894e+05 4.38012e+05 4.67302e+05 4.93011e+05 4.63006e+05 4.37566e+05 4.08144e+05 3.68937e+05 3.32638e+05 3.07069e+05 2.97134e+05 2.85989e+05 2.75631e+05 2.68262e+05 2.57552e+05 2.49991e+05;
3.62187e+03 3.78082e+03 3.96657e+03 4.13651e+03 4.30250e+03 4.51230e+03 4.69434e+03 4.91913e+03 5.23694e+03 5.54322e+03 5.70289e+03 5.90065e+03 6.04669e+03 6.23236e+03 6.40735e+03 6.58426e+03;
0.00000e+00 0.00000e+00 0.00000e+00 0.00000e+00 0.00000e+00 0.00000e+00 0.00000e+00 0.00000e+00 0.00000e+00 0.00000e+00 0.00000e+00 0.00000e+00 0.00000e+00 0.00000e+00 0.00000e+00 0.00000e+00;
8.01461e+05 8.00558e+05 8.39843e+05 8.83403e+05 9.10323e+05 9.46064e+05 9.75651e+05 9.76856e+05 9.72329e+05 9.54227e+05 9.33199e+05 9.22231e+05 9.42470e+05 9.56935e+05 9.60303e+05 9.57720e+05;
2.34832e+02 2.37581e+02 2.58215e+02 2.66464e+02 2.82097e+02 3.10402e+02 3.23694e+02 3.39711e+02 3.53716e+02 3.63784e+02 3.64036e+02 3.67255e+02 3.76020e+02 3.78466e+02 3.81511e+02 3.84948e+02;
3.83852e+03 4.03558e+03 4.23793e+03 4.42664e+03 4.65578e+03 4.93983e+03 5.18038e+03 5.47437e+03 5.85496e+03 6.19584e+03 6.38062e+03 6.56083e+03 6.74993e+03 6.90076e+03 7.10724e+03 7.31417e+03;
4.39850e+05 4.36106e+05 4.61225e+05 4.89654e+05 4.86938e+05 4.48858e+05 4.24269e+05 3.88206e+05 3.47097e+05 3.28281e+05 3.14427e+05 3.04599e+05 2.95786e+05 2.89816e+05 2.81440e+05 2.68949e+05;
3.50974e+03 3.66299e+03 3.83887e+03 4.00423e+03 4.19109e+03 4.39530e+03 4.56968e+03 4.78881e+03 5.07850e+03 5.36812e+03 5.54681e+03 5.71065e+03 5.85996e+03 5.98170e+03 6.15860e+03 6.33572e+03;
0.00000e+00 0.00000e+00 0.00000e+00 0.00000e+00 0.00000e+00 0.00000e+00 0.00000e+00 0.00000e+00 0.00000e+00 0.00000e+00 0.00000e+00 0.00000e+00 0.00000e+00 0.00000e+00 0.00000e+00 0.00000e+00;
7.90975e+05 8.08207e+05 8.27570e+05 8.74501e+05 9.01474e+05 9.42070e+05 9.75741e+05 9.79187e+05 9.81686e+05 9.84813e+05 1.00791e+06 1.00350e+06 1.00325e+06 9.89401e+05 9.90364e+05 1.00703e+06;
2.23590e+02 2.31795e+02 2.45480e+02 2.54454e+02 2.69774e+02 2.99332e+02 3.14805e+02 3.30917e+02 3.48625e+02 3.63301e+02 3.74757e+02 3.83395e+02 3.87078e+02 3.86004e+02 3.88559e+02 3.91376e+02;
3.66608e+03 3.85205e+03 4.04841e+03 4.22992e+03 4.45021e+03 4.73263e+03 4.98103e+03 5.26787e+03 5.62659e+03 5.93729e+03 6.10203e+03 6.29001e+03 6.46668e+03 6.66014e+03 6.85152e+03 7.04261e+03;
4.36583e+05 4.38316e+05 4.53096e+05 4.84319e+05 4.97097e+05 4.79615e+05 4.42759e+05 4.09751e+05 3.72762e+05 3.49449e+05 3.42609e+05 3.36325e+05 3.20878e+05 3.12032e+05 3.03142e+05 2.97756e+05;
3.35763e+03 3.49873e+03 3.66894e+03 3.82802e+03 4.01915e+03 4.23909e+03 4.40830e+03 4.62136e+03 4.89121e+03 5.12907e+03 5.25349e+03 5.40417e+03 5.55417e+03 5.75662e+03 5.92641e+03 6.08634e+03;
0.00000e+00 0.00000e+00 0.00000e+00 0.00000e+00 0.00000e+00 0.00000e+00 0.00000e+00 0.00000e+00 0.00000e+00 0.00000e+00 0.00000e+00 0.00000e+00 0.00000e+00 0.00000e+00 0.00000e+00 0.00000e+00;
7.78179e+05 7.94956e+05 8.39385e+05 8.63398e+05 8.90212e+05 9.27138e+05 9.49959e+05 9.66779e+05 9.77373e+05 9.77809e+05 9.88614e+05 9.89722e+05 1.02040e+06 1.02542e+06 1.02411e+06 1.03635e+06;
2.10197e+02 2.18423e+02 2.37928e+02 2.40044e+02 2.55011e+02 2.81718e+02 2.86435e+02 3.00044e+02 3.10281e+02 3.17856e+02 3.31478e+02 3.39889e+02 3.48410e+02 3.60716e+02 3.71624e+02 3.78180e+02;
3.45875e+03 3.63596e+03 3.81509e+03 3.99317e+03 4.20245e+03 4.47275e+03 4.58069e+03 4.72915e+03 4.85929e+03 5.00847e+03 5.18849e+03 5.33654e+03 5.45811e+03 5.63033e+03 5.80378e+03 5.98868e+03;
4.33573e+05 4.32072e+05 4.54870e+05 4.76315e+05 4.92905e+05 5.03437e+05 4.97132e+05 4.72733e+05 4.56113e+05 4.36683e+05 4.21320e+05 4.03141e+05 3.97638e+05 3.83530e+05 3.72384e+05 3.56498e+05;
3.17421e+03 3.30611e+03 3.45872e+03 3.61554e+03 3.79796e+03 4.03215e+03 4.11355e+03 4.21423e+03 4.30534e+03 4.41343e+03 4.54685e+03 4.65262e+03 4.73283e+03 4.86274e+03 5.00143e+03 5.14357e+03;
0.00000e+00 0.00000e+00 0.00000e+00 0.00000e+00 0.00000e+00 0.00000e+00 0.00000e+00 0.00000e+00 0.00000e+00 0.00000e+00 0.00000e+00 0.00000e+00 0.00000e+00 0.00000e+00 0.00000e+00 0.00000e+00;
7.64742e+05 8.01090e+05 8.26541e+05 8.50336e+05 8.76953e+05 9.13704e+05 9.35131e+05 9.54238e+05 9.64583e+05 9.75964e+05 9.89665e+05 1.03074e+06 1.03407e+06 1.04219e+06 1.06933e+06 1.07351e+06;
1.95589e+02 2.10069e+02 2.21888e+02 2.23871e+02 2.39129e+02 2.62872e+02 2.66968e+02 2.80923e+02 2.89549e+02 3.03041e+02 3.17163e+02 3.27706e+02 3.40208e+02 3.50353e+02 3.53716e+02 3.63300e+02;
3.22564e+03 3.38885e+03 3.55978e+03 3.72654e+03 3.92436e+03 4.17015e+03 4.27743e+03 4.42059e+03 4.55458e+03 4.70046e+03 4.85814e+03 4.99206e+03 5.14259e+03 5.30314e+03 5.45362e+03 5.62026e+03;
4.30295e+05 4.34190e+05 4.46011e+05 4.65186e+05 4.86455e+05 5.00767e+05 5.04878e+05 5.06429e+05 4.97315e+05 4.76633e+05 4.61378e+05 4.56102e+05 4.37647e+05 4.23258e+05 4.19378e+05 4.09102e+05;
2.96437e+03 3.08499e+03 3.22927e+03 3.37559e+03 3.54928e+03 3.76255e+03 3.85416e+03 3.97390e+03 4.07567e+03 4.17506e+03 4.28657e+03 4.37312e+03 4.47739e+03 4.59573e+03 4.70969e+03 4.84470e+03;
0.00000e+00 0.00000e+00 0.00000e+00 0.00000e+00 0.00000e+00 0.00000e+00 0.00000e+00 0.00000e+00 0.00000e+00 0.00000e+00 0.00000e+00 0.00000e+00 0.00000e+00 0.00000e+00 0.00000e+00 0.00000e+00;
7.50043e+05 7.82700e+05 8.11979e+05 8.35513e+05 8.61598e+05 8.93076e+05 9.18167e+05 9.37083e+05 9.48287e+05 9.61973e+05 9.94636e+05 1.02910e+06 1.04203e+06 1.06594e+06 1.08363e+06 1.09675e+06;
1.80074e+02 1.94522e+02 2.04695e+02 2.06553e+02 2.22271e+02 2.41250e+02 2.46086e+02 2.59005e+02 2.67479e+02 2.81060e+02 2.95373e+02 3.10869e+02 3.23446e+02 3.31838e+02 3.45927e+02 3.25366e+02;
2.97570e+03 3.12970e+03 3.28563e+03 3.44038e+03 3.62598e+03 3.84134e+03 3.95158e+03 4.08441e+03 4.20915e+03 4.34933e+03 4.48856e+03 4.64028e+03 4.78147e+03 4.92426e+03 5.09083e+03 5.21874e+03;
4.25487e+05 4.29270e+05 4.37365e+05 4.53264e+05 4.76647e+05 4.93679e+05 5.01814e+05 5.04219e+05 5.01832e+05 5.06454e+05 5.19363e+05 5.08608e+05 4.88781e+05 4.78948e+05 4.65727e+05 4.47198e+05;
2.73716e+03 2.85665e+03 2.98301e+03 3.11834e+03 3.28184e+03 3.46925e+03 3.56435e+03 3.67830e+03 3.78069e+03 3.89679e+03 4.00716e+03 4.10602e+03 4.19543e+03 4.29498e+03 4.41943e+03 4.51163e+03;
0.00000e+00 0.00000e+00 0.00000e+00 0.00000e+00 0.00000e+00 0.00000e+00 0.00000e+00 0.00000e+00 0.00000e+00 0.00000e+00 0.00000e+00 0.00000e+00 0.00000e+00 0.00000e+00 0.00000e+00 0.00000e+00;
7.34656e+05 7.62038e+05 7.95713e+05 8.19096e+05 8.44385e+05 8.74974e+05 8.99199e+05 9.17851e+05 9.30584e+05 9.42785e+05 9.72734e+05 1.01215e+06 1.04341e+06 1.06579e+06 1.09037e+06 1.13789e+06;
1.64103e+02 1.77577e+02 1.86729e+02 1.88515e+02 2.04493e+02 2.20047e+02 2.24349e+02 2.36163e+02 2.44806e+02 2.56488e+02 2.69931e+02 2.85358e+02 2.98571e+02 3.13758e+02 3.03829e+02 3.19845e+02;
2.71504e+03 2.85732e+03 2.99930e+03 3.14148e+03 3.31404e+03 3.50953e+03 3.61097e+03 3.73284e+03 3.84681e+03 3.97656e+03 4.10731e+03 4.24894e+03 4.38680e+03 4.53588e+03 4.66565e+03 4.82658e+03;
4.18603e+05 4.24999e+05 4.29716e+05 4.41717e+05 4.62497e+05 4.86060e+05 4.96516e+05 5.01158e+05 4.99425e+05 4.98661e+05 5.12264e+05 5.36383e+05 5.57611e+05 5.39646e+05 5.16008e+05 4.95222e+05;
2.49858e+03 2.61571e+03 2.72578e+03 2.84951e+03 3.00136e+03 3.17295e+03 3.26077e+03 3.36615e+03 3.46242e+03 3.56962e+03 3.67752e+03 3.79419e+03 3.90322e+03 3.99910e+03 4.07931e+03 4.17972e+03;
0.00000e+00 0.00000e+00 0.00000e+00 0.00000e+00 0.00000e+00 0.00000e+00 0.00000e+00 0.00000e+00 0.00000e+00 0.00000e+00 0.00000e+00 0.00000e+00 0.00000e+00 0.00000e+00 0.00000e+00 0.00000e+00;
7.18493e+05 7.40915e+05 7.78227e+05 8.01860e+05 8.26465e+05 8.56523e+05 8.78941e+05 8.97528e+05 9.11751e+05 9.22356e+05 9.49483e+05 9.90870e+05 1.02133e+06 1.04688e+06 1.09724e+06 1.18102e+06;
1.48390e+02 1.60013e+02 1.68976e+02 1.70791e+02 1.86698e+02 1.99404e+02 2.03309e+02 2.13789e+02 2.22502e+02 2.32365e+02 2.44970e+02 2.58725e+02 2.70830e+02 2.86117e+02 2.84417e+02 3.08841e+02;
2.45904e+03 2.58774e+03 2.71765e+03 2.84752e+03 3.00660e+03 3.18300e+03 3.27743e+03 3.38690e+03 3.49033e+03 3.60958e+03 3.73195e+03 3.85866e+03 3.98523e+03 4.12593e+03 4.25591e+03 4.41446e+03;
4.09519e+05 4.19161e+05 4.24568e+05 4.31853e+05 4.48195e+05 4.74817e+05 4.88147e+05 4.95753e+05 4.97307e+05 4.94690e+05 5.01666e+05 5.21948e+05 5.44342e+05 5.69880e+05 5.79624e+05 5.59359e+05;
2.26411e+03 2.37534e+03 2.47348e+03 2.58550e+03 2.72487e+03 2.88055e+03 2.96295e+03 3.05787e+03 3.14648e+03 3.24747e+03 3.34818e+03 3.45196e+03 3.55547e+03 3.67128e+03 3.75591e+03 3.83979e+03;
0.00000e+00 0.00000e+00 0.00000e+00 0.00000e+00 0.00000e+00 0.00000e+00 0.00000e+00 0.00000e+00 0.00000e+00 0.00000e+00 0.00000e+00 0.00000e+00 0.00000e+00 0.00000e+00 0.00000e+00 0.00000e+00;
7.10022e+05 7.30493e+05 7.68575e+05 7.92782e+05 8.17155e+05 8.46853e+05 8.68220e+05 8.86820e+05 9.01788e+05 9.11523e+05 9.37191e+05 9.79637e+05 1.00950e+06 1.03512e+06 1.08457e+06 1.17681e+06;
1.40560e+02 1.51257e+02 1.60018e+02 1.61953e+02 1.77335e+02 1.89139e+02 1.92892e+02 2.02665e+02 2.11368e+02 2.20343e+02 2.32543e+02 2.45493e+02 2.57083e+02 2.71501e+02 2.69776e+02 2.94206e+02;
2.33163e+03 2.45342e+03 2.57722e+03 2.70110e+03 2.85274e+03 3.02034e+03 3.11108e+03 3.21446e+03 3.31247e+03 3.42641e+03 3.54453e+03 3.66404e+03 3.78486e+03 3.91877e+03 4.04316e+03 4.19374e+03;
4.03804e+05 4.15479e+05 4.21899e+05 4.27709e+05 4.41595e+05 4.67174e+05 4.82313e+05 4.91826e+05 4.95367e+05 4.93452e+05 4.97614e+05 5.15618e+05 5.34819e+05 5.57903e+05 5.75299e+05 5.94914e+05;
2.14732e+03 2.25488e+03 2.34740e+03 2.45395e+03 2.58659e+03 2.73449e+03 2.81413e+03 2.90399e+03 2.98811e+03 3.08586e+03 3.18360e+03 3.28124e+03 3.37945e+03 3.48826e+03 3.57232e+03 3.67299e+03];

N_Kp = [
5.74460e-05 5.11977e-05 5.05473e-05 4.72602e-05 4.20096e-05 3.89786e-05 3.57377e-05 3.41636e-05 3.34228e-05 3.06821e-05 3.01778e-05 2.93189e-05 2.89781e-05 2.86725e-05 2.83022e-05 2.83266e-05;
5.76338e-05 5.12633e-05 5.06081e-05 4.79192e-05 4.23838e-05 3.92483e-05 3.59363e-05 3.32071e-05 3.25865e-05 3.10526e-05 3.01150e-05 2.93041e-05 2.89055e-05 2.86669e-05 2.82959e-05 2.82842e-05;
5.82318e-05 5.14832e-05 5.07774e-05 4.88699e-05 4.34249e-05 4.01028e-05 3.65117e-05 3.31729e-05 3.14923e-05 3.06599e-05 3.00977e-05 2.93672e-05 2.90020e-05 2.86717e-05 2.83412e-05 2.80372e-05;
5.99022e-05 5.21480e-05 5.10760e-05 4.92463e-05 4.61715e-05 4.10116e-05 3.75728e-05 3.42728e-05 3.07833e-05 2.97822e-05 2.99765e-05 2.99286e-05 2.90924e-05 2.85757e-05 2.80752e-05 2.76496e-05;
6.14557e-05 5.36941e-05 5.14980e-05 4.97550e-05 4.81169e-05 4.42473e-05 3.88737e-05 3.54845e-05 3.19432e-05 3.00358e-05 2.92275e-05 2.84943e-05 2.81157e-05 2.89074e-05 2.86710e-05 2.81434e-05;
6.34899e-05 5.47524e-05 5.32123e-05 5.03697e-05 4.88411e-05 4.75979e-05 4.52756e-05 4.17874e-05 3.94823e-05 3.71069e-05 3.50222e-05 3.35471e-05 3.22221e-05 3.11106e-05 3.04175e-05 2.92499e-05;
6.52276e-05 5.73521e-05 5.40700e-05 5.10447e-05 4.97814e-05 4.85217e-05 4.72701e-05 4.61772e-05 4.37094e-05 4.06304e-05 3.81280e-05 3.58576e-05 3.41153e-05 3.26929e-05 3.15818e-05 3.09739e-05;
6.67347e-05 6.00213e-05 5.51603e-05 5.19242e-05 5.08742e-05 4.95057e-05 4.81806e-05 4.74278e-05 4.58131e-05 4.47910e-05 4.35307e-05 4.02211e-05 3.74450e-05 3.54493e-05 3.41144e-05 3.15807e-05;
6.80690e-05 6.20880e-05 5.55562e-05 5.20704e-05 5.11377e-05 4.97335e-05 4.83984e-05 4.77470e-05 4.66030e-05 4.60091e-05 4.43675e-05 4.38037e-05 4.35687e-05 4.02978e-05 3.58811e-05 3.32945e-05;
6.83571e-05 6.50068e-05 5.72153e-05 5.32855e-05 5.23333e-05 5.07808e-05 4.94350e-05 4.87819e-05 4.79399e-05 4.67192e-05 4.55525e-05 4.47881e-05 4.41529e-05 4.39197e-05 3.94671e-05 3.61429e-05;
6.90978e-05 6.64882e-05 5.80756e-05 5.39735e-05 5.29605e-05 5.12958e-05 4.99853e-05 4.93421e-05 4.85821e-05 4.74577e-05 4.62597e-05 4.53858e-05 4.45819e-05 4.40814e-05 3.99334e-05 3.81023e-05];

N_Ki = [
1.70543e-04 1.56422e-04 1.53630e-04 1.43087e-04 1.15597e-04 9.93019e-05 8.31303e-05 7.11824e-05 6.53417e-05 5.14662e-05 4.88699e-05 4.21350e-05 3.69695e-05 3.52896e-05 3.36304e-05 3.22250e-05;
1.72053e-04 1.57510e-04 1.54731e-04 1.47293e-04 1.18333e-04 1.01344e-04 8.47224e-05 7.07167e-05 6.49349e-05 5.22268e-05 4.93593e-05 4.26156e-05 3.73648e-05 3.57569e-05 3.41012e-05 3.26226e-05;
1.76740e-04 1.60898e-04 1.58023e-04 1.54416e-04 1.29126e-04 1.07607e-04 8.94308e-05 7.51002e-05 6.75640e-05 5.43199e-05 5.09759e-05 4.42171e-05 3.89248e-05 3.71776e-05 3.54834e-05 3.37885e-05;
1.86836e-04 1.67616e-04 1.63675e-04 1.60172e-04 1.46952e-04 1.19603e-04 9.77874e-05 8.28543e-05 7.24437e-05 6.11579e-05 5.66540e-05 4.82735e-05 4.14939e-05 3.93849e-05 3.73567e-05 3.54561e-05;
1.99023e-04 1.79368e-04 1.71666e-04 1.68466e-04 1.62675e-04 1.41015e-04 1.12641e-04 9.23711e-05 8.22225e-05 7.01613e-05 6.40485e-05 5.45791e-05 4.63626e-05 4.40714e-05 4.07267e-05 3.82940e-05;
2.15595e-04 1.92058e-04 1.86443e-04 1.79521e-04 1.73764e-04 1.66643e-04 1.53697e-04 1.34819e-04 1.21962e-04 1.09625e-04 1.02099e-04 9.43361e-05 8.64840e-05 7.93993e-05 7.39016e-05 6.40470e-05;
2.34488e-04 2.13281e-04 2.01147e-04 1.93580e-04 1.88364e-04 1.80800e-04 1.73125e-04 1.67292e-04 1.55033e-04 1.36990e-04 1.25598e-04 1.15127e-04 1.04275e-04 9.50537e-05 8.51981e-05 7.57784e-05;
2.56547e-04 2.38765e-04 2.19956e-04 2.11545e-04 2.06803e-04 1.98343e-04 1.89727e-04 1.84440e-04 1.77189e-04 1.71627e-04 1.67838e-04 1.49478e-04 1.31042e-04 1.16782e-04 1.05758e-04 8.79008e-05;
2.82571e-04 2.77302e-04 2.49145e-04 2.39208e-04 2.34481e-04 2.24935e-04 2.15199e-04 2.09562e-04 2.02932e-04 1.91150e-04 1.94902e-04 1.94640e-04 1.81541e-04 1.55771e-04 1.31167e-04 1.12185e-04;
3.20508e-04 3.15971e-04 2.79203e-04 2.67233e-04 2.61937e-04 2.51222e-04 2.40426e-04 2.34104e-04 2.27898e-04 2.20083e-04 2.18444e-04 2.17301e-04 2.10077e-04 2.04307e-04 1.82613e-04 1.50079e-04;
3.38812e-04 3.37920e-04 2.96790e-04 2.83680e-04 2.77858e-04 2.66413e-04 2.55189e-04 2.48503e-04 2.42236e-04 2.34407e-04 2.32562e-04 2.30889e-04 2.22704e-04 2.15033e-04 1.94284e-04 1.81760e-04];

Pt3_Kp = [
2.31901e-07 2.38762e-07 2.23502e-07 2.19229e-07 2.30346e-07 2.37491e-07 1.79121e-07 1.91530e-07 1.99057e-07 2.13252e-07 2.17338e-07 2.27749e-07 1.71846e-07 1.73474e-07 1.75117e-07 1.78726e-07;
2.31618e-07 2.38578e-07 2.23257e-07 2.16427e-07 2.27790e-07 2.35071e-07 1.76774e-07 1.86441e-07 1.94760e-07 2.13009e-07 2.14624e-07 2.25377e-07 1.69843e-07 1.71777e-07 1.73389e-07 1.76718e-07;
2.30753e-07 2.37911e-07 2.22527e-07 2.12459e-07 2.20673e-07 2.28240e-07 1.69566e-07 1.77383e-07 1.81601e-07 2.04905e-07 2.08854e-07 2.19580e-07 1.65340e-07 1.66993e-07 1.68624e-07 1.70056e-07;
2.22248e-07 2.34259e-07 2.21188e-07 2.10141e-07 2.08613e-07 2.18966e-07 2.28645e-07 1.68838e-07 1.67442e-07 1.83369e-07 1.95483e-07 2.10386e-07 2.15901e-07 1.56747e-07 1.57722e-07 1.59584e-07;
2.19849e-07 2.24537e-07 2.19351e-07 2.06790e-07 2.00319e-07 2.03628e-07 2.14781e-07 2.28598e-07 2.28785e-07 1.65286e-07 1.68378e-07 1.80321e-07 1.90645e-07 2.01615e-07 2.07208e-07 1.50997e-07;
2.16526e-07 2.21022e-07 2.07102e-07 2.02310e-07 1.95906e-07 1.90578e-07 1.92215e-07 1.98730e-07 2.04464e-07 2.12400e-07 2.12702e-07 2.14306e-07 2.14542e-07 2.20282e-07 1.55938e-07 1.62835e-07;
2.12484e-07 2.08409e-07 2.02011e-07 1.96638e-07 1.90282e-07 1.84968e-07 1.83817e-07 1.81552e-07 1.84051e-07 1.91215e-07 1.93487e-07 1.89904e-07 1.96523e-07 2.02014e-07 2.04058e-07 1.48056e-07;
2.07529e-07 2.02574e-07 1.95719e-07 1.89801e-07 1.83599e-07 1.79534e-07 1.77544e-07 1.75415e-07 1.74548e-07 1.73381e-07 1.67127e-07 1.68256e-07 1.75446e-07 1.80118e-07 1.85578e-07 1.94185e-07;
2.70234e-07 2.72302e-07 2.63813e-07 2.59860e-07 2.50197e-07 2.44125e-07 2.41050e-07 2.36928e-07 1.67107e-07 1.66300e-07 2.24133e-07 2.12727e-07 1.49076e-07 1.57186e-07 1.62182e-07 1.66049e-07;
2.69121e-07 2.68759e-07 2.59417e-07 2.54012e-07 2.44878e-07 2.38733e-07 2.36293e-07 2.32413e-07 2.29787e-07 2.28884e-07 2.20277e-07 2.08425e-07 2.03122e-07 1.99438e-07 1.92987e-07 1.34351e-07;
2.67808e-07 2.66273e-07 2.56642e-07 2.50400e-07 2.41510e-07 2.35308e-07 2.33189e-07 2.29425e-07 2.26574e-07 2.25878e-07 2.17664e-07 2.05583e-07 2.00702e-07 1.97616e-07 1.90341e-07 1.77265e-07];

Pt3_Ki = [
2.40663e-06 2.16813e-06 2.11136e-06 1.94025e-06 1.78830e-06 1.64968e-06 8.26009e-07 7.68970e-07 7.02716e-07 6.23161e-07 6.07991e-07 5.59989e-07 3.21874e-07 3.12733e-07 3.03718e-07 2.97300e-07;
2.40904e-06 2.16870e-06 2.11192e-06 1.95465e-06 1.79748e-06 1.65618e-06 8.30653e-07 7.58192e-07 6.94437e-07 6.28057e-07 6.08782e-07 5.60722e-07 3.22227e-07 3.13775e-07 3.04943e-07 2.97955e-07;
2.41676e-06 2.17087e-06 2.11337e-06 1.97197e-06 1.82746e-06 1.67561e-06 8.42153e-07 7.71842e-07 6.95153e-07 6.30491e-07 6.12303e-07 5.64856e-07 3.26096e-07 3.17071e-07 3.08285e-07 2.99337e-07;
2.40940e-06 2.17149e-06 2.11637e-06 1.97266e-06 1.88908e-06 1.70395e-06 1.56372e-06 7.99285e-07 7.04940e-07 6.51485e-07 6.32363e-07 5.82646e-07 5.28857e-07 3.20592e-07 3.09953e-07 3.00789e-07;
2.42907e-06 2.16585e-06 2.12053e-06 1.97405e-06 1.92525e-06 1.77661e-06 1.59997e-06 1.49476e-06 1.34124e-06 6.83424e-07 6.50282e-07 5.90832e-07 5.37128e-07 5.30218e-07 5.09072e-07 3.06406e-07;
2.45477e-06 2.17768e-06 2.10838e-06 1.97647e-06 1.92973e-06 1.85088e-06 1.76815e-06 1.67378e-06 1.60688e-06 1.54272e-06 1.45415e-06 1.38347e-06 1.32775e-06 1.28392e-06 6.83276e-07 6.21960e-07;
2.47315e-06 2.18196e-06 2.11324e-06 1.98008e-06 1.93792e-06 1.85803e-06 1.80121e-06 1.76857e-06 1.71291e-06 1.62977e-06 1.53485e-06 1.43190e-06 1.37726e-06 1.32644e-06 1.27096e-06 6.53783e-07;
2.48839e-06 2.22105e-06 2.12259e-06 1.98807e-06 1.95007e-06 1.87343e-06 1.80992e-06 1.78214e-06 1.74891e-06 1.72347e-06 1.65889e-06 1.53903e-06 1.45783e-06 1.38457e-06 1.32957e-06 1.20577e-06;
4.95583e-06 4.51464e-06 4.25963e-06 3.99022e-06 3.91520e-06 3.76969e-06 3.65247e-06 3.60294e-06 1.76763e-06 1.73774e-06 3.38596e-06 3.27465e-06 1.59558e-06 1.49638e-06 1.38386e-06 1.25364e-06;
4.95061e-06 4.56311e-06 4.26271e-06 3.98282e-06 3.90905e-06 3.75989e-06 3.64347e-06 3.59353e-06 3.54822e-06 3.50020e-06 3.38624e-06 3.26669e-06 3.20809e-06 3.16592e-06 2.98009e-06 1.32684e-06;
4.94870e-06 4.58777e-06 4.26720e-06 3.98215e-06 3.90723e-06 3.75562e-06 3.64108e-06 3.59098e-06 3.54638e-06 3.50253e-06 3.39063e-06 3.26650e-06 3.20141e-06 3.15238e-06 2.97808e-06 2.75662e-06];

Tt4_Kp = [
-0.00000e+00 -0.00000e+00 -0.00000e+00 -0.00000e+00 -0.00000e+00 -0.00000e+00 -0.00000e+00 -0.00000e+00 -0.00000e+00 -0.00000e+00 -0.00000e+00 -0.00000e+00 -0.00000e+00 -0.00000e+00 -0.00000e+00 -0.00000e+00;
-0.00000e+00 -0.00000e+00 -0.00000e+00 -0.00000e+00 -0.00000e+00 -0.00000e+00 -0.00000e+00 -0.00000e+00 -0.00000e+00 -0.00000e+00 -0.00000e+00 -0.00000e+00 -0.00000e+00 -0.00000e+00 -0.00000e+00 -0.00000e+00;
-0.00000e+00 -0.00000e+00 -0.00000e+00 -0.00000e+00 -0.00000e+00 -0.00000e+00 -0.00000e+00 -0.00000e+00 -0.00000e+00 -0.00000e+00 -0.00000e+00 -0.00000e+00 -0.00000e+00 -0.00000e+00 -0.00000e+00 -0.00000e+00;
-0.00000e+00 -0.00000e+00 -0.00000e+00 -0.00000e+00 -0.00000e+00 -0.00000e+00 -0.00000e+00 -0.00000e+00 -0.00000e+00 -0.00000e+00 -0.00000e+00 -0.00000e+00 -0.00000e+00 -0.00000e+00 -0.00000e+00 -0.00000e+00;
-0.00000e+00 -0.00000e+00 -0.00000e+00 -0.00000e+00 -0.00000e+00 -0.00000e+00 -0.00000e+00 -0.00000e+00 -0.00000e+00 -0.00000e+00 -0.00000e+00 -0.00000e+00 -0.00000e+00 -0.00000e+00 -0.00000e+00 -0.00000e+00;
-0.00000e+00 -0.00000e+00 -0.00000e+00 -0.00000e+00 -0.00000e+00 -0.00000e+00 -0.00000e+00 -0.00000e+00 -0.00000e+00 -0.00000e+00 -0.00000e+00 -0.00000e+00 -0.00000e+00 -0.00000e+00 -0.00000e+00 -0.00000e+00;
-0.00000e+00 -0.00000e+00 -0.00000e+00 -0.00000e+00 -0.00000e+00 -0.00000e+00 -0.00000e+00 -0.00000e+00 -0.00000e+00 -0.00000e+00 -0.00000e+00 -0.00000e+00 -0.00000e+00 -0.00000e+00 -0.00000e+00 -0.00000e+00;
-0.00000e+00 -0.00000e+00 -0.00000e+00 -0.00000e+00 -0.00000e+00 -0.00000e+00 -0.00000e+00 -0.00000e+00 -0.00000e+00 -0.00000e+00 -0.00000e+00 -0.00000e+00 -0.00000e+00 -0.00000e+00 -0.00000e+00 -0.00000e+00;
-0.00000e+00 -0.00000e+00 -0.00000e+00 -0.00000e+00 -0.00000e+00 -0.00000e+00 -0.00000e+00 -0.00000e+00 -0.00000e+00 -0.00000e+00 -0.00000e+00 -0.00000e+00 -0.00000e+00 -0.00000e+00 -0.00000e+00 -0.00000e+00;
-0.00000e+00 -0.00000e+00 -0.00000e+00 -0.00000e+00 -0.00000e+00 -0.00000e+00 -0.00000e+00 -0.00000e+00 -0.00000e+00 -0.00000e+00 -0.00000e+00 -0.00000e+00 -0.00000e+00 -0.00000e+00 -0.00000e+00 -0.00000e+00;
-0.00000e+00 -0.00000e+00 -0.00000e+00 -0.00000e+00 -0.00000e+00 -0.00000e+00 -0.00000e+00 -0.00000e+00 -0.00000e+00 -0.00000e+00 -0.00000e+00 -0.00000e+00 -0.00000e+00 -0.00000e+00 -0.00000e+00 -0.00000e+00];

Tt4_Ki = [
1.27726e-03 1.23036e-03 1.16531e-03 1.12062e-03 1.06528e-03 1.00787e-03 9.55819e-04 9.05627e-04 8.51119e-04 7.95437e-04 7.70547e-04 7.44321e-04 7.23272e-04 7.00894e-04 6.81111e-04 6.59916e-04;
1.28627e-03 1.23926e-03 1.17370e-03 1.12822e-03 1.07256e-03 1.01410e-03 9.62314e-04 9.10758e-04 8.54869e-04 7.99833e-04 7.76241e-04 7.49267e-04 7.27780e-04 7.04849e-04 6.84978e-04 6.63533e-04;
1.31358e-03 1.26628e-03 1.19914e-03 1.15208e-03 1.09429e-03 1.03296e-03 9.83247e-04 9.27772e-04 8.69866e-04 8.15562e-04 7.91008e-04 7.61640e-04 7.39918e-04 7.16948e-04 6.96180e-04 6.76432e-04;
1.35834e-03 1.31083e-03 1.24253e-03 1.19356e-03 1.13046e-03 1.06473e-03 1.01322e-03 9.56030e-04 8.96588e-04 8.40834e-04 8.12831e-04 7.86851e-04 7.62293e-04 7.44802e-04 7.22359e-04 7.01089e-04;
1.42525e-03 1.37703e-03 1.30530e-03 1.25363e-03 1.18551e-03 1.11219e-03 1.05544e-03 9.94229e-04 9.33765e-04 8.80247e-04 8.53455e-04 8.25062e-04 7.99436e-04 7.73060e-04 7.49508e-04 7.28130e-04;
1.51486e-03 1.46541e-03 1.39003e-03 1.33447e-03 1.26085e-03 1.17940e-03 1.15104e-03 1.11314e-03 1.08128e-03 1.04727e-03 1.01186e-03 9.84467e-04 9.59582e-04 9.27496e-04 8.96982e-04 8.67810e-04;
1.63084e-03 1.57889e-03 1.49815e-03 1.43900e-03 1.35750e-03 1.27149e-03 1.23770e-03 1.19289e-03 1.15513e-03 1.11682e-03 1.08082e-03 1.05152e-03 1.01754e-03 9.83347e-04 9.53061e-04 9.23354e-04;
1.77727e-03 1.71886e-03 1.63429e-03 1.57060e-03 1.47891e-03 1.38932e-03 1.34818e-03 1.29801e-03 1.25540e-03 1.20953e-03 1.16950e-03 1.13023e-03 1.09290e-03 1.05688e-03 1.01800e-03 9.93810e-04;
1.96122e-03 1.89472e-03 1.80494e-03 1.73578e-03 1.63120e-03 1.53234e-03 1.48660e-03 1.43009e-03 1.38166e-03 1.33046e-03 1.28460e-03 1.23654e-03 1.18947e-03 1.14502e-03 1.11028e-03 1.07408e-03;
2.18237e-03 2.10803e-03 2.00966e-03 1.93432e-03 1.81428e-03 1.70432e-03 1.65205e-03 1.58874e-03 1.53339e-03 1.47487e-03 1.42243e-03 1.36936e-03 1.31548e-03 1.26070e-03 1.21739e-03 1.17487e-03;
2.31176e-03 2.23300e-03 2.12973e-03 2.05049e-03 1.92177e-03 1.80496e-03 1.74876e-03 1.68137e-03 1.62217e-03 1.55916e-03 1.50254e-03 1.44649e-03 1.38889e-03 1.33086e-03 1.28414e-03 1.23665e-03];

Tt5_Kp = [
-0.00000e+00 -0.00000e+00 -0.00000e+00 -0.00000e+00 -0.00000e+00 -0.00000e+00 -0.00000e+00 -0.00000e+00 -0.00000e+00 -0.00000e+00 -0.00000e+00 -0.00000e+00 -0.00000e+00 -0.00000e+00 -0.00000e+00 -0.00000e+00;
-0.00000e+00 -0.00000e+00 -0.00000e+00 -0.00000e+00 -0.00000e+00 -0.00000e+00 -0.00000e+00 -0.00000e+00 -0.00000e+00 -0.00000e+00 -0.00000e+00 -0.00000e+00 -0.00000e+00 -0.00000e+00 -0.00000e+00 -0.00000e+00;
-0.00000e+00 -0.00000e+00 -0.00000e+00 -0.00000e+00 -0.00000e+00 -0.00000e+00 -0.00000e+00 -0.00000e+00 -0.00000e+00 -0.00000e+00 -0.00000e+00 -0.00000e+00 -0.00000e+00 -0.00000e+00 -0.00000e+00 -0.00000e+00;
-0.00000e+00 -0.00000e+00 -0.00000e+00 -0.00000e+00 -0.00000e+00 -0.00000e+00 -0.00000e+00 -0.00000e+00 -0.00000e+00 -0.00000e+00 -0.00000e+00 -0.00000e+00 -0.00000e+00 -0.00000e+00 -0.00000e+00 -0.00000e+00;
-0.00000e+00 -0.00000e+00 -0.00000e+00 -0.00000e+00 -0.00000e+00 -0.00000e+00 -0.00000e+00 -0.00000e+00 -0.00000e+00 -0.00000e+00 -0.00000e+00 -0.00000e+00 -0.00000e+00 -0.00000e+00 -0.00000e+00 -0.00000e+00;
-0.00000e+00 -0.00000e+00 -0.00000e+00 -0.00000e+00 -0.00000e+00 -0.00000e+00 -0.00000e+00 -0.00000e+00 -0.00000e+00 -0.00000e+00 -0.00000e+00 -0.00000e+00 -0.00000e+00 -0.00000e+00 -0.00000e+00 -0.00000e+00;
-0.00000e+00 -0.00000e+00 -0.00000e+00 -0.00000e+00 -0.00000e+00 -0.00000e+00 -0.00000e+00 -0.00000e+00 -0.00000e+00 -0.00000e+00 -0.00000e+00 -0.00000e+00 -0.00000e+00 -0.00000e+00 -0.00000e+00 -0.00000e+00;
-0.00000e+00 -0.00000e+00 -0.00000e+00 -0.00000e+00 -0.00000e+00 -0.00000e+00 -0.00000e+00 -0.00000e+00 -0.00000e+00 -0.00000e+00 -0.00000e+00 -0.00000e+00 -0.00000e+00 -0.00000e+00 -0.00000e+00 -0.00000e+00;
-0.00000e+00 -0.00000e+00 -0.00000e+00 -0.00000e+00 -0.00000e+00 -0.00000e+00 -0.00000e+00 -0.00000e+00 -0.00000e+00 -0.00000e+00 -0.00000e+00 -0.00000e+00 -0.00000e+00 -0.00000e+00 -0.00000e+00 -0.00000e+00;
-0.00000e+00 -0.00000e+00 -0.00000e+00 -0.00000e+00 -0.00000e+00 -0.00000e+00 -0.00000e+00 -0.00000e+00 -0.00000e+00 -0.00000e+00 -0.00000e+00 -0.00000e+00 -0.00000e+00 -0.00000e+00 -0.00000e+00 -0.00000e+00;
-0.00000e+00 -0.00000e+00 -0.00000e+00 -0.00000e+00 -0.00000e+00 -0.00000e+00 -0.00000e+00 -0.00000e+00 -0.00000e+00 -0.00000e+00 -0.00000e+00 -0.00000e+00 -0.00000e+00 -0.00000e+00 -0.00000e+00 -0.00000e+00];

Tt5_Ki = [
1.40262e-03 1.35970e-03 1.28932e-03 1.24518e-03 1.19944e-03 1.14421e-03 1.09432e-03 1.03993e-03 9.76304e-04 9.17764e-04 8.88391e-04 8.57161e-04 8.31829e-04 8.05680e-04 7.83061e-04 7.57270e-04;
1.41224e-03 1.36946e-03 1.29853e-03 1.25183e-03 1.20625e-03 1.15051e-03 1.10130e-03 1.05011e-03 9.83895e-04 9.21862e-04 8.95742e-04 8.63580e-04 8.38098e-04 8.10946e-04 7.88261e-04 7.62334e-04;
1.44128e-03 1.39904e-03 1.32650e-03 1.27600e-03 1.22627e-03 1.16944e-03 1.12401e-03 1.07102e-03 1.00753e-03 9.42812e-04 9.14804e-04 8.79551e-04 8.53796e-04 8.27002e-04 8.03094e-04 7.80105e-04;
1.48907e-03 1.44748e-03 1.37415e-03 1.32158e-03 1.25842e-03 1.20163e-03 1.15534e-03 1.10077e-03 1.04351e-03 9.79938e-04 9.43680e-04 9.10817e-04 8.83185e-04 8.63957e-04 8.37835e-04 8.13031e-04;
1.56002e-03 1.51979e-03 1.44312e-03 1.38763e-03 1.31471e-03 1.24520e-03 1.19855e-03 1.14100e-03 1.08405e-03 1.02949e-03 1.00192e-03 9.69678e-04 9.38383e-04 9.01013e-04 8.72339e-04 8.47874e-04;
1.65501e-03 1.61591e-03 1.53656e-03 1.47663e-03 1.39749e-03 1.31038e-03 1.28441e-03 1.25346e-03 1.22605e-03 1.19537e-03 1.16299e-03 1.13888e-03 1.11719e-03 1.08501e-03 1.05218e-03 1.02127e-03;
1.77979e-03 1.73947e-03 1.65554e-03 1.59194e-03 1.50372e-03 1.41170e-03 1.37600e-03 1.32923e-03 1.29381e-03 1.26210e-03 1.23155e-03 1.20894e-03 1.17859e-03 1.14553e-03 1.11527e-03 1.08272e-03;
1.93862e-03 1.88908e-03 1.80516e-03 1.73689e-03 1.63731e-03 1.54132e-03 1.49750e-03 1.44402e-03 1.40030e-03 1.35250e-03 1.31293e-03 1.28276e-03 1.25322e-03 1.22111e-03 1.18325e-03 1.16176e-03;
2.13941e-03 2.07679e-03 1.99255e-03 1.91878e-03 1.80522e-03 1.69857e-03 1.64978e-03 1.58919e-03 1.53825e-03 1.48518e-03 1.43765e-03 1.38751e-03 1.33979e-03 1.30439e-03 1.27794e-03 1.25031e-03;
2.38098e-03 2.30506e-03 2.21640e-03 2.13685e-03 2.00701e-03 1.88784e-03 1.83176e-03 1.76380e-03 1.70489e-03 1.64306e-03 1.58905e-03 1.53409e-03 1.47768e-03 1.41965e-03 1.38135e-03 1.35474e-03;
2.52243e-03 2.43913e-03 2.34773e-03 2.26434e-03 2.12532e-03 1.99877e-03 1.93819e-03 1.86573e-03 1.80263e-03 1.73539e-03 1.67685e-03 1.61902e-03 1.55907e-03 1.49831e-03 1.45533e-03 1.41254e-03];

NcFAN = [
9.99790e-01 9.79802e-01 9.59813e-01 9.39817e-01 9.19802e-01 8.99792e-01 8.79777e-01 8.59761e-01 8.39759e-01 8.19730e-01 8.09740e-01 7.99678e-01 7.89680e-01 7.79668e-01 7.69665e-01 7.59659e-01;
9.99793e-01 9.79796e-01 9.59817e-01 9.39823e-01 9.19807e-01 8.99796e-01 8.79781e-01 8.59767e-01 8.39766e-01 8.19735e-01 8.09743e-01 7.99687e-01 7.89683e-01 7.79678e-01 7.69670e-01 7.59668e-01;
9.99793e-01 9.79797e-01 9.59808e-01 9.39829e-01 9.19819e-01 8.99802e-01 8.79790e-01 8.59780e-01 8.39781e-01 8.19752e-01 8.09741e-01 7.99706e-01 7.89702e-01 7.79694e-01 7.69686e-01 7.59688e-01;
9.99793e-01 9.79804e-01 9.59810e-01 9.39830e-01 9.19830e-01 8.99819e-01 8.79806e-01 8.59794e-01 8.39796e-01 8.19782e-01 8.09759e-01 7.99719e-01 7.89728e-01 7.79723e-01 7.69715e-01 7.59713e-01;
9.99793e-01 9.79795e-01 9.59807e-01 9.39820e-01 9.19847e-01 8.99843e-01 8.79825e-01 8.59814e-01 8.39816e-01 8.19806e-01 8.09807e-01 7.99759e-01 7.89763e-01 7.79757e-01 7.69747e-01 7.59744e-01;
9.99793e-01 9.79797e-01 9.59813e-01 9.39822e-01 9.19837e-01 8.99856e-01 8.89863e-01 8.79851e-01 8.69843e-01 8.59835e-01 8.49843e-01 8.39839e-01 8.29835e-01 8.19832e-01 8.09827e-01 7.99806e-01;
9.99794e-01 9.79799e-01 9.59808e-01 9.39830e-01 9.19845e-01 8.99857e-01 8.89856e-01 8.79862e-01 8.69864e-01 8.59866e-01 8.49868e-01 8.39863e-01 8.29860e-01 8.19859e-01 8.09854e-01 7.99839e-01;
9.99793e-01 9.79806e-01 9.59815e-01 9.39829e-01 9.19844e-01 8.99856e-01 8.89862e-01 8.79868e-01 8.69872e-01 8.59878e-01 8.49886e-01 8.39889e-01 8.29888e-01 8.19881e-01 8.09882e-01 7.99866e-01;
9.99791e-01 9.79810e-01 9.59807e-01 9.39818e-01 9.19836e-01 8.99851e-01 8.89869e-01 8.79873e-01 8.69877e-01 8.59886e-01 8.49899e-01 8.39893e-01 8.29914e-01 8.19906e-01 8.09902e-01 7.99897e-01;
9.99792e-01 9.79802e-01 9.59813e-01 9.39829e-01 9.19844e-01 8.99860e-01 8.89863e-01 8.79867e-01 8.69871e-01 8.59879e-01 8.49889e-01 8.39903e-01 8.29908e-01 8.19913e-01 8.09925e-01 7.99923e-01;
9.99790e-01 9.79804e-01 9.59814e-01 9.39818e-01 9.19840e-01 8.99854e-01 8.89864e-01 8.79868e-01 8.69878e-01 8.59883e-01 8.49893e-01 8.39900e-01 8.29906e-01 8.19914e-01 8.09918e-01 7.99930e-01];

Pt3 = [
4.68885e+05 4.44592e+05 4.20902e+05 3.97340e+05 3.74956e+05 3.54338e+05 3.34622e+05 3.16179e+05 2.98275e+05 2.80966e+05 2.72675e+05 2.64513e+05 2.56754e+05 2.49087e+05 2.41522e+05 2.34047e+05;
4.72226e+05 4.47741e+05 4.23904e+05 4.00123e+05 3.77377e+05 3.56472e+05 3.36531e+05 3.17891e+05 2.99790e+05 2.82321e+05 2.73968e+05 2.65753e+05 2.57924e+05 2.50196e+05 2.42564e+05 2.35028e+05;
4.82344e+05 4.57325e+05 4.32957e+05 4.08675e+05 3.84821e+05 3.62996e+05 3.42350e+05 3.23113e+05 3.04410e+05 2.86433e+05 2.77885e+05 2.69509e+05 2.61476e+05 2.53549e+05 2.45719e+05 2.37995e+05;
4.99557e+05 4.73637e+05 4.48393e+05 4.23239e+05 3.97886e+05 3.74377e+05 3.52396e+05 3.32110e+05 3.12495e+05 2.93504e+05 2.84579e+05 2.75894e+05 2.67520e+05 2.59215e+05 2.51041e+05 2.42990e+05;
5.24403e+05 4.97133e+05 4.70642e+05 4.44224e+05 4.17570e+05 3.91495e+05 3.67304e+05 3.45365e+05 3.24382e+05 3.04151e+05 2.94450e+05 2.85114e+05 2.76091e+05 2.67269e+05 2.58623e+05 2.50110e+05;
5.57653e+05 5.28592e+05 5.00426e+05 4.72320e+05 4.43947e+05 4.15858e+05 4.01663e+05 3.88228e+05 3.75614e+05 3.63723e+05 3.52355e+05 3.40654e+05 3.29358e+05 3.18443e+05 3.07893e+05 2.97647e+05;
6.00357e+05 5.68965e+05 5.38592e+05 5.08368e+05 4.77827e+05 4.47571e+05 4.32217e+05 4.17096e+05 4.02355e+05 3.88553e+05 3.75501e+05 3.62148e+05 3.49401e+05 3.37199e+05 3.25456e+05 3.14087e+05;
6.53791e+05 6.19521e+05 5.86389e+05 5.53428e+05 5.20182e+05 4.87233e+05 4.70522e+05 4.54016e+05 4.37845e+05 4.22101e+05 4.06568e+05 3.90578e+05 3.75629e+05 3.61499e+05 3.48031e+05 3.35183e+05;
7.20305e+05 6.82511e+05 6.45852e+05 6.09473e+05 5.72872e+05 5.36586e+05 5.18194e+05 4.99987e+05 4.82093e+05 4.64690e+05 4.47536e+05 4.29139e+05 4.10986e+05 3.93675e+05 3.77652e+05 3.62740e+05;
7.99684e+05 7.57681e+05 7.16901e+05 6.76422e+05 6.35779e+05 5.95506e+05 5.75041e+05 5.54803e+05 5.34893e+05 5.15488e+05 4.96370e+05 4.75954e+05 4.55776e+05 4.35813e+05 4.16340e+05 3.98030e+05;
8.45832e+05 8.01417e+05 7.58242e+05 7.15309e+05 6.72323e+05 6.29738e+05 6.08110e+05 5.86690e+05 5.65620e+05 5.45069e+05 5.24790e+05 5.03151e+05 4.81800e+05 4.60699e+05 4.40092e+05 4.20217e+05];

Tt3 = [
4.76403e+02 4.68066e+02 4.59719e+02 4.51504e+02 4.43583e+02 4.35948e+02 4.28672e+02 4.21537e+02 4.14294e+02 4.06910e+02 4.03206e+02 3.99474e+02 3.96151e+02 3.92753e+02 3.89282e+02 3.85728e+02;
4.77352e+02 4.68993e+02 4.60637e+02 4.52390e+02 4.44389e+02 4.36688e+02 4.29364e+02 4.22191e+02 4.14898e+02 4.07471e+02 4.03760e+02 4.00020e+02 3.96679e+02 3.93267e+02 3.89777e+02 3.86206e+02;
4.80195e+02 4.71786e+02 4.63377e+02 4.55085e+02 4.46842e+02 4.38930e+02 4.31463e+02 4.24166e+02 4.16724e+02 4.09180e+02 4.05430e+02 4.01659e+02 3.98269e+02 3.94807e+02 3.91263e+02 3.87639e+02;
4.84933e+02 4.76442e+02 4.67953e+02 4.59579e+02 4.51060e+02 4.42769e+02 4.35029e+02 4.27507e+02 4.19866e+02 4.12074e+02 4.08237e+02 4.04398e+02 4.00929e+02 3.97390e+02 3.93789e+02 3.90114e+02;
4.91563e+02 4.82944e+02 4.74348e+02 4.65858e+02 4.57217e+02 4.48377e+02 4.40173e+02 4.32299e+02 4.24374e+02 4.16313e+02 4.12287e+02 4.08291e+02 4.04688e+02 4.01047e+02 3.97352e+02 3.93584e+02;
5.00084e+02 4.91304e+02 4.82569e+02 4.73930e+02 4.65138e+02 4.56046e+02 4.51519e+02 4.47116e+02 4.42848e+02 4.38703e+02 4.34612e+02 4.30329e+02 4.26087e+02 4.21867e+02 4.17646e+02 4.13415e+02;
5.10494e+02 5.01511e+02 4.92591e+02 4.83782e+02 4.74817e+02 4.65544e+02 4.60903e+02 4.56221e+02 4.51517e+02 4.46966e+02 4.42507e+02 4.37896e+02 4.33354e+02 4.28847e+02 4.24407e+02 4.19995e+02;
5.22775e+02 5.13569e+02 5.04428e+02 4.95398e+02 4.86227e+02 4.76745e+02 4.71997e+02 4.67198e+02 4.62353e+02 4.57491e+02 4.52523e+02 4.47375e+02 4.42360e+02 4.37493e+02 4.32712e+02 4.28051e+02;
5.37062e+02 5.27616e+02 5.18197e+02 5.08907e+02 4.99507e+02 4.89779e+02 4.84907e+02 4.79979e+02 4.74986e+02 4.69982e+02 4.64875e+02 4.59369e+02 4.53738e+02 4.48221e+02 4.42984e+02 4.38058e+02;
5.52874e+02 5.43167e+02 5.33466e+02 5.23889e+02 5.14228e+02 5.04227e+02 4.99201e+02 4.94129e+02 4.88983e+02 4.83818e+02 4.78547e+02 4.72885e+02 4.67085e+02 4.61210e+02 4.55398e+02 4.49860e+02;
5.61530e+02 5.51690e+02 5.41839e+02 5.32091e+02 5.22290e+02 5.12141e+02 5.07042e+02 5.01890e+02 4.96664e+02 4.91416e+02 4.86052e+02 4.80291e+02 4.74400e+02 4.68439e+02 4.62533e+02 4.56782e+02];

Tt4 = [
1.15207e+03 1.09939e+03 1.04652e+03 9.94609e+02 9.49232e+02 9.10652e+02 8.78692e+02 8.51027e+02 8.27436e+02 8.07884e+02 7.99174e+02 7.91140e+02 7.86446e+02 7.82204e+02 7.78353e+02 7.74948e+02;
1.15450e+03 1.10168e+03 1.04876e+03 9.96476e+02 9.49929e+02 9.10477e+02 8.77857e+02 8.49658e+02 8.25237e+02 8.05020e+02 7.96145e+02 7.87896e+02 7.82990e+02 7.78500e+02 7.74421e+02 7.70745e+02;
1.16182e+03 1.10863e+03 1.05537e+03 1.00273e+03 9.52630e+02 9.10359e+02 8.75765e+02 8.45880e+02 8.19046e+02 7.96825e+02 7.87376e+02 7.78479e+02 7.72893e+02 7.67716e+02 7.62922e+02 7.58473e+02;
1.17404e+03 1.12024e+03 1.06646e+03 1.01330e+03 9.59367e+02 9.11850e+02 8.73522e+02 8.40665e+02 8.11068e+02 7.84537e+02 7.73624e+02 7.63693e+02 7.56979e+02 7.50786e+02 7.45060e+02 7.39726e+02;
1.19118e+03 1.13642e+03 1.08194e+03 1.02803e+03 9.73022e+02 9.17822e+02 8.73099e+02 8.35615e+02 8.02124e+02 7.71924e+02 7.58126e+02 7.45911e+02 7.37075e+02 7.29124e+02 7.21960e+02 7.15180e+02;
1.21330e+03 1.15730e+03 1.10190e+03 1.04702e+03 9.90983e+02 9.32975e+02 9.04265e+02 8.78096e+02 8.54585e+02 8.33271e+02 8.13508e+02 7.94068e+02 7.75920e+02 7.58927e+02 7.42780e+02 7.27344e+02;
1.24048e+03 1.18287e+03 1.12618e+03 1.07021e+03 1.01302e+03 9.53741e+02 9.24100e+02 8.94284e+02 8.64650e+02 8.37785e+02 8.13279e+02 7.89659e+02 7.67904e+02 7.47502e+02 7.28486e+02 7.10427e+02;
1.27258e+03 1.21322e+03 1.15497e+03 1.09751e+03 1.03898e+03 9.78246e+02 9.47852e+02 9.17147e+02 8.86278e+02 8.55495e+02 8.24179e+02 7.93487e+02 7.65855e+02 7.40867e+02 7.17637e+02 6.96234e+02;
1.30990e+03 1.24881e+03 1.18848e+03 1.12922e+03 1.06918e+03 1.00678e+03 9.75509e+02 9.43885e+02 9.11869e+02 8.79967e+02 8.47577e+02 8.12708e+02 7.77047e+02 7.43760e+02 7.14475e+02 6.88780e+02;
1.35118e+03 1.28832e+03 1.22585e+03 1.16450e+03 1.10269e+03 1.03846e+03 1.00612e+03 9.73475e+02 9.40364e+02 9.07180e+02 8.73513e+02 8.37483e+02 8.00664e+02 7.63357e+02 7.26417e+02 6.93399e+02;
1.37374e+03 1.30998e+03 1.24642e+03 1.18379e+03 1.12099e+03 1.05578e+03 1.02294e+03 9.89732e+02 9.56049e+02 9.22248e+02 8.87825e+02 8.51042e+02 8.13578e+02 7.75701e+02 7.38128e+02 7.02642e+02];

Wf = [
1.58001e-01 1.42059e-01 1.26994e-01 1.12818e-01 1.00674e-01 9.05783e-02 8.20998e-02 7.48687e-02 6.86398e-02 6.33104e-02 6.09226e-02 5.86800e-02 5.68976e-02 5.51990e-02 5.35765e-02 5.20289e-02;
1.59383e-01 1.43297e-01 1.28102e-01 1.13748e-01 1.01282e-01 9.09573e-02 8.23188e-02 7.49649e-02 6.85860e-02 6.31511e-02 6.07392e-02 5.84706e-02 5.66617e-02 5.49379e-02 5.32918e-02 5.17204e-02;
1.63586e-01 1.47061e-01 1.31472e-01 1.16721e-01 1.03247e-01 9.21853e-02 8.30373e-02 7.53026e-02 6.84624e-02 6.27023e-02 6.02043e-02 5.78539e-02 5.59632e-02 5.41624e-02 5.24440e-02 5.07995e-02;
1.70787e-01 1.53506e-01 1.37238e-01 1.21838e-01 1.07071e-01 9.45721e-02 8.44501e-02 7.60086e-02 6.85898e-02 6.20737e-02 5.93514e-02 5.68592e-02 5.48243e-02 5.28987e-02 5.10766e-02 4.93446e-02;
1.81291e-01 1.62897e-01 1.45634e-01 1.29294e-01 1.13530e-01 9.87910e-02 8.69550e-02 7.73447e-02 6.90417e-02 6.17940e-02 5.85684e-02 5.56937e-02 5.33372e-02 5.11748e-02 4.91856e-02 4.73008e-02;
1.95548e-01 1.75626e-01 1.57011e-01 1.39393e-01 1.22394e-01 1.06086e-01 9.82958e-02 9.13584e-02 8.52429e-02 7.98096e-02 7.48747e-02 7.00921e-02 6.57283e-02 6.17231e-02 5.80226e-02 5.45836e-02;
2.14184e-01 1.92233e-01 1.71829e-01 1.52545e-01 1.33945e-01 1.16095e-01 1.07510e-01 9.92163e-02 9.13111e-02 8.43290e-02 7.81302e-02 7.22432e-02 6.69616e-02 6.21606e-02 5.77959e-02 5.37765e-02;
2.37946e-01 2.13441e-01 1.90721e-01 1.69292e-01 1.48661e-01 1.28847e-01 1.19308e-01 1.10065e-01 1.01175e-01 9.26945e-02 8.44664e-02 7.65812e-02 6.97146e-02 6.36899e-02 5.82662e-02 5.34179e-02;
2.68154e-01 2.40501e-01 2.14760e-01 1.90564e-01 1.67368e-01 1.45058e-01 1.34301e-01 1.23881e-01 1.13800e-01 1.04189e-01 9.48843e-02 8.52520e-02 7.58948e-02 6.75174e-02 6.03823e-02 5.42971e-02;
3.05038e-01 2.73615e-01 2.44176e-01 2.16547e-01 1.90190e-01 1.64854e-01 1.52612e-01 1.40750e-01 1.29258e-01 1.18254e-01 1.07607e-01 9.66327e-02 8.60073e-02 7.57701e-02 6.61011e-02 5.77976e-02;
3.26868e-01 2.93213e-01 2.61636e-01 2.31944e-01 2.03696e-01 1.76574e-01 1.63459e-01 1.50742e-01 1.38417e-01 1.26608e-01 1.15149e-01 1.03362e-01 9.19755e-02 8.10261e-02 7.06787e-02 6.13311e-02];

Pt5 = [
2.21520e+05 2.09573e+05 1.97857e+05 1.86203e+05 1.75916e+05 1.67318e+05 1.59830e+05 1.53388e+05 1.47634e+05 1.42490e+05 1.40155e+05 1.37937e+05 1.35909e+05 1.33970e+05 1.32112e+05 1.30334e+05;
2.23118e+05 2.11077e+05 1.99292e+05 1.87504e+05 1.76937e+05 1.68139e+05 1.60504e+05 1.53948e+05 1.48081e+05 1.42860e+05 1.40495e+05 1.38251e+05 1.36197e+05 1.34232e+05 1.32351e+05 1.30550e+05;
2.27960e+05 2.15657e+05 2.03619e+05 1.91574e+05 1.80142e+05 1.70689e+05 1.62594e+05 1.55675e+05 1.49470e+05 1.43992e+05 1.41539e+05 1.39213e+05 1.37076e+05 1.35033e+05 1.33081e+05 1.31211e+05;
2.36201e+05 2.23452e+05 2.10996e+05 1.98525e+05 1.86013e+05 1.75308e+05 1.66316e+05 1.58744e+05 1.52008e+05 1.45998e+05 1.43351e+05 1.40879e+05 1.38593e+05 1.36404e+05 1.34322e+05 1.32337e+05;
2.48105e+05 2.34680e+05 2.21626e+05 2.08546e+05 1.95329e+05 1.82673e+05 1.72118e+05 1.63466e+05 1.55890e+05 1.49182e+05 1.46155e+05 1.43376e+05 1.40799e+05 1.38383e+05 1.36114e+05 1.33955e+05;
2.64055e+05 2.49720e+05 2.35855e+05 2.21970e+05 2.07887e+05 1.93999e+05 1.87086e+05 1.80866e+05 1.75353e+05 1.70417e+05 1.65921e+05 1.61501e+05 1.57422e+05 1.53661e+05 1.50177e+05 1.46932e+05;
2.84586e+05 2.69039e+05 2.54086e+05 2.39192e+05 2.24044e+05 2.09029e+05 2.01485e+05 1.94112e+05 1.86998e+05 1.80655e+05 1.74976e+05 1.69463e+05 1.64465e+05 1.59908e+05 1.55732e+05 1.51862e+05;
3.10330e+05 2.93268e+05 2.76930e+05 2.60711e+05 2.44264e+05 2.27873e+05 2.19616e+05 2.11510e+05 2.03634e+05 1.96009e+05 1.88493e+05 1.81070e+05 1.74535e+05 1.68701e+05 1.63421e+05 1.58661e+05;
3.42443e+05 3.23538e+05 3.05373e+05 2.87472e+05 2.69425e+05 2.51376e+05 2.42246e+05 2.33245e+05 2.24457e+05 2.15983e+05 2.07668e+05 1.98742e+05 1.89870e+05 1.81692e+05 1.74619e+05 1.68468e+05;
3.80834e+05 3.59764e+05 3.39432e+05 3.19457e+05 2.99454e+05 2.79485e+05 2.69303e+05 2.59246e+05 2.49391e+05 2.39859e+05 2.30547e+05 2.20643e+05 2.10820e+05 2.01018e+05 1.91400e+05 1.82814e+05;
4.03170e+05 3.80879e+05 3.59297e+05 3.38050e+05 3.16895e+05 2.95822e+05 2.85068e+05 2.74405e+05 2.63942e+05 2.53800e+05 2.43879e+05 2.33367e+05 2.22988e+05 2.12658e+05 2.02481e+05 1.92849e+05];

Tt5 = [
9.94815e+02 9.47389e+02 8.99847e+02 8.53268e+02 8.13294e+02 7.80197e+02 7.53711e+02 7.31617e+02 7.13902e+02 7.00547e+02 6.95000e+02 6.90185e+02 6.88438e+02 6.87228e+02 6.86491e+02 6.86292e+02;
9.97005e+02 9.49441e+02 9.01852e+02 8.54915e+02 8.13796e+02 7.79853e+02 7.52728e+02 7.30117e+02 7.11593e+02 6.97597e+02 6.91888e+02 6.86864e+02 6.84917e+02 6.83470e+02 6.82520e+02 6.82062e+02;
1.00359e+03 9.55678e+02 9.07773e+02 8.60504e+02 8.15904e+02 7.79224e+02 7.50184e+02 7.25945e+02 7.05072e+02 6.89130e+02 6.82874e+02 6.77220e+02 6.74630e+02 6.72533e+02 6.70910e+02 6.69720e+02;
1.01458e+03 9.66101e+02 9.17719e+02 8.69954e+02 8.21620e+02 7.79833e+02 7.47168e+02 7.20064e+02 6.96529e+02 6.76387e+02 6.68718e+02 6.62077e+02 6.58415e+02 6.55361e+02 6.52854e+02 6.50822e+02;
1.03001e+03 9.80628e+02 9.31599e+02 8.83139e+02 8.33778e+02 7.84498e+02 7.45619e+02 7.14047e+02 6.86760e+02 6.63104e+02 6.52653e+02 6.43826e+02 6.38126e+02 6.33383e+02 6.29510e+02 6.26107e+02;
1.04993e+03 9.99387e+02 9.49502e+02 9.00147e+02 8.49827e+02 7.97835e+02 7.72172e+02 7.49064e+02 7.28622e+02 7.10375e+02 6.93717e+02 6.77603e+02 6.62822e+02 6.49244e+02 6.36572e+02 6.24669e+02;
1.07444e+03 1.02237e+03 9.71286e+02 9.20927e+02 8.69531e+02 8.16356e+02 7.89815e+02 7.63162e+02 7.36756e+02 7.13121e+02 6.91887e+02 6.71756e+02 6.53534e+02 6.36719e+02 6.21311e+02 6.06898e+02;
1.10339e+03 1.04968e+03 9.97140e+02 9.45404e+02 8.92765e+02 8.38233e+02 8.10988e+02 7.83500e+02 7.55921e+02 7.28487e+02 7.00649e+02 6.73685e+02 6.49826e+02 6.28618e+02 6.09197e+02 5.91593e+02;
1.13707e+03 1.08174e+03 1.02725e+03 9.73845e+02 9.19812e+02 8.63726e+02 8.35669e+02 8.07323e+02 7.78667e+02 7.50177e+02 7.21324e+02 6.90331e+02 6.58713e+02 6.29529e+02 6.04290e+02 5.82521e+02;
1.17434e+03 1.11738e+03 1.06088e+03 1.00552e+03 9.49844e+02 8.92071e+02 8.63015e+02 8.33718e+02 8.04041e+02 7.74344e+02 7.44287e+02 7.12200e+02 6.79497e+02 6.46449e+02 6.13816e+02 5.85064e+02;
1.19472e+03 1.13691e+03 1.07940e+03 1.02285e+03 9.66254e+02 9.07576e+02 8.78050e+02 8.48232e+02 8.18022e+02 7.87749e+02 7.56980e+02 7.24185e+02 6.90877e+02 6.57294e+02 6.24071e+02 5.92954e+02];

FN = [
5.52286e+03 5.05564e+03 4.60025e+03 4.14951e+03 3.73891e+03 3.37921e+03 3.05256e+03 2.76117e+03 2.49320e+03 2.24707e+03 2.13326e+03 2.02384e+03 1.92288e+03 1.82519e+03 1.73071e+03 1.63935e+03;
5.29137e+03 4.82897e+03 4.37846e+03 3.93135e+03 3.52058e+03 3.16291e+03 2.84048e+03 2.55417e+03 2.29151e+03 2.05218e+03 1.94222e+03 1.83677e+03 1.73983e+03 1.64631e+03 1.55602e+03 1.46893e+03;
5.17660e+03 4.71229e+03 4.26040e+03 3.81145e+03 3.38159e+03 3.01111e+03 2.68159e+03 2.39160e+03 2.12502e+03 1.88549e+03 1.77691e+03 1.67328e+03 1.57808e+03 1.48650e+03 1.39839e+03 1.31358e+03;
5.17354e+03 4.70048e+03 4.24083e+03 3.78447e+03 3.32793e+03 2.92526e+03 2.57447e+03 2.27045e+03 1.99396e+03 1.74280e+03 1.63166e+03 1.52737e+03 1.43149e+03 1.33932e+03 1.25126e+03 1.16706e+03;
5.28050e+03 4.79149e+03 4.31744e+03 3.84723e+03 3.37413e+03 2.91778e+03 2.52484e+03 2.19266e+03 1.89595e+03 1.62916e+03 1.50797e+03 1.39630e+03 1.29434e+03 1.19858e+03 1.10859e+03 1.02294e+03;
5.49911e+03 4.98630e+03 4.49082e+03 3.99983e+03 3.50603e+03 3.01716e+03 2.77297e+03 2.55054e+03 2.34994e+03 2.16814e+03 2.00054e+03 1.83468e+03 1.68090e+03 1.53803e+03 1.40512e+03 1.28090e+03;
5.83434e+03 5.28883e+03 4.76379e+03 4.24467e+03 3.72290e+03 3.20612e+03 2.94627e+03 2.69052e+03 2.44271e+03 2.21963e+03 2.01778e+03 1.82075e+03 1.64100e+03 1.47609e+03 1.32428e+03 1.18345e+03;
6.29313e+03 5.70627e+03 5.14257e+03 4.58651e+03 4.02874e+03 3.47590e+03 3.19808e+03 2.92390e+03 2.65545e+03 2.39444e+03 2.13731e+03 1.88399e+03 1.65919e+03 1.45779e+03 1.27467e+03 1.10871e+03;
6.89696e+03 6.25936e+03 5.64515e+03 5.04143e+03 4.43814e+03 3.83955e+03 3.53883e+03 3.24181e+03 2.94965e+03 2.66574e+03 2.38587e+03 2.08743e+03 1.79209e+03 1.52198e+03 1.28664e+03 1.08101e+03;
7.62681e+03 6.92939e+03 6.25498e+03 5.59325e+03 4.93468e+03 4.28154e+03 3.95301e+03 3.62850e+03 3.30884e+03 2.99715e+03 2.68993e+03 2.36373e+03 2.04108e+03 1.72218e+03 1.41208e+03 1.13687e+03;
8.05784e+03 7.32563e+03 6.61672e+03 5.92025e+03 5.22908e+03 4.54413e+03 4.19966e+03 3.85904e+03 3.52341e+03 3.19590e+03 2.87227e+03 2.52923e+03 2.19048e+03 1.85615e+03 1.53077e+03 1.22522e+03];

FNper = [
1.00000e+00 9.15402e-01 8.32948e-01 7.51334e-01 6.76987e-01 6.11859e-01 5.52713e-01 4.99953e-01 4.51433e-01 4.06866e-01 3.86261e-01 3.66447e-01 3.48168e-01 3.30479e-01 3.13373e-01 2.96830e-01;
1.00000e+00 9.12613e-01 8.27473e-01 7.42975e-01 6.65344e-01 5.97749e-01 5.36815e-01 4.82704e-01 4.33065e-01 3.87835e-01 3.67054e-01 3.47127e-01 3.28806e-01 3.11131e-01 2.94067e-01 2.77609e-01;
1.00000e+00 9.10305e-01 8.23012e-01 7.36284e-01 6.53246e-01 5.81678e-01 5.18021e-01 4.62002e-01 4.10505e-01 3.64234e-01 3.43257e-01 3.23238e-01 3.04849e-01 2.87157e-01 2.70137e-01 2.53754e-01;
1.00000e+00 9.08562e-01 8.19716e-01 7.31505e-01 6.43260e-01 5.65428e-01 4.97622e-01 4.38859e-01 3.85415e-01 3.36867e-01 3.15385e-01 2.95228e-01 2.76695e-01 2.58879e-01 2.41858e-01 2.25583e-01;
1.00000e+00 9.07392e-01 8.17618e-01 7.28572e-01 6.38980e-01 5.52556e-01 4.78144e-01 4.15238e-01 3.59048e-01 3.08523e-01 2.85573e-01 2.64426e-01 2.45116e-01 2.26982e-01 2.09941e-01 1.93719e-01;
1.00000e+00 9.06747e-01 8.16646e-01 7.27359e-01 6.37563e-01 5.48663e-01 5.04259e-01 4.63809e-01 4.27332e-01 3.94271e-01 3.63794e-01 3.33632e-01 3.05667e-01 2.79687e-01 2.55518e-01 2.32929e-01;
1.00000e+00 9.06501e-01 8.16509e-01 7.27533e-01 6.38102e-01 5.49526e-01 5.04987e-01 4.61152e-01 4.18678e-01 3.80443e-01 3.45846e-01 3.12075e-01 2.81266e-01 2.53000e-01 2.26980e-01 2.02843e-01;
1.00000e+00 9.06745e-01 8.17171e-01 7.28812e-01 6.40180e-01 5.52332e-01 5.08186e-01 4.64618e-01 4.21960e-01 3.80485e-01 3.39626e-01 2.99372e-01 2.63651e-01 2.31647e-01 2.02549e-01 1.76177e-01;
1.00000e+00 9.07553e-01 8.18498e-01 7.30964e-01 6.43492e-01 5.56701e-01 5.13100e-01 4.70034e-01 4.27674e-01 3.86509e-01 3.45930e-01 3.02660e-01 2.59837e-01 2.20673e-01 1.86552e-01 1.56737e-01;
1.00000e+00 9.08556e-01 8.20131e-01 7.33366e-01 6.47017e-01 5.61380e-01 5.18305e-01 4.75756e-01 4.33843e-01 3.92975e-01 3.52694e-01 3.09924e-01 2.67619e-01 2.25806e-01 1.85146e-01 1.49062e-01;
1.00000e+00 9.09131e-01 8.21153e-01 7.34719e-01 6.48943e-01 5.63939e-01 5.21189e-01 4.78918e-01 4.37265e-01 3.96620e-01 3.56457e-01 3.13884e-01 2.71845e-01 2.30353e-01 1.89973e-01 1.52053e-01];


%Reads the size of the FNper Matrix
[lin,~] = size(FNper);

%Corrects vector order if thrust vector is backwards
if FNper(1,lin) < FNper(1,1)
        
    A  =  fliplr(A);
    B  =  fliplr(B);
    C  =  fliplr(C);
    D  =  fliplr(D);   
    
    N_Kp  =  fliplr(N_Kp);
    N_Ki  =  fliplr(N_Ki);
    Pt3_Kp  =  fliplr(Pt3_Kp);
    Pt3_Ki  =  fliplr(Pt3_Ki);
    Tt4_Kp  =  fliplr(Tt4_Kp);
    Tt4_Ki  =  fliplr(Tt4_Ki);
    Tt5_Kp  =  fliplr(Tt5_Kp);
    Tt5_Ki  =  fliplr(Tt5_Ki);
    
    NcFAN  =  fliplr(NcFAN);

%     Pt21  =  fliplr(Pt21);
%     Tt21  =  fliplr(Tt21);
    Pt3   =  fliplr(Pt3);
    Tt3   = fliplr(Tt3);
    Tt4   =  fliplr(Tt4);
    Pt5   =  fliplr(Pt5);
    Tt5   = fliplr(Tt5);
%     Pt6   =  fliplr(Pt6);
%     Tt6   = fliplr(Tt6);
    FN    =  fliplr(FN);
    FNper =  fliplr(FNper);
    Wf = fliplr(Wf);
    
end

%For the unified model, in a single spool jet, station 21 equals station 3
%and station 6 equals station 5
Pt21 = Pt3;
Tt21 = Tt3;
Pt6 = Pt5;
Tt6 = Tt5;


%FNper = round(100*FNper)/100;

end

