%     function [MN,A, B, C, D,...
%             N_Kp, N_Ki, Pt3_Kp, Pt3_Ki,...
%             Tt4_Kp, Tt4_Ki, Tt5_Kp, Tt5_Ki,...
%             NcFAN,...
%             Pt3, Tt3,...
%             Tt4, Wf,...
%             Pt5, Tt5,...
%             FN, FNper] = Alt0dT0

    function [MN,A, B, C, D,...
            N_Kp, N_Ki, Pt3_Kp, Pt3_Ki,...
            Tt4_Kp, Tt4_Ki, Tt5_Kp, Tt5_Ki,...
            NcFAN,...
            Pt21, Tt21,...
            Pt3, Tt3,...
            Tt4, Wf,...
            Pt5, Tt5,...
            Pt6, Tt6,...
            FN, FNper] = Alt0dT0

      
%UNTITLED2 Summary of this function goes here
%   Detailed explanation goes here
% 

%Altitude = 0 m
%dT =  K

MN = [
0.00000e+00 1.00000e-01 2.00000e-01 3.00000e-01 4.00000e-01 5.00000e-01 6.00000e-01 7.00000e-01 8.00000e-01 9.00000e-01 9.50000e-01];

NcFAN = [
1.01000e+00 9.99900e-01 9.74994e-01 9.49998e-01 9.24995e-01 8.99993e-01 8.74996e-01 8.49990e-01 8.25008e-01 8.00008e-01 7.75004e-01 7.49999e-01;
1.01000e+00 9.99901e-01 9.75001e-01 9.49993e-01 9.24995e-01 8.99995e-01 8.74993e-01 8.49991e-01 8.25007e-01 8.00007e-01 7.75001e-01 7.50000e-01;
1.01000e+00 9.99894e-01 9.75001e-01 9.49994e-01 9.24995e-01 8.99996e-01 8.74995e-01 8.49991e-01 8.25004e-01 8.00008e-01 7.75001e-01 7.49997e-01;
1.01000e+00 9.99896e-01 9.74991e-01 9.49996e-01 9.24994e-01 8.99995e-01 8.74995e-01 8.49994e-01 8.25004e-01 8.00003e-01 7.75002e-01 7.49998e-01;
1.01000e+00 9.99897e-01 9.74993e-01 9.49994e-01 9.24992e-01 8.99995e-01 8.74995e-01 8.49995e-01 8.24995e-01 8.00005e-01 7.75001e-01 7.50004e-01;
1.01000e+00 9.99901e-01 9.74998e-01 9.49998e-01 9.25003e-01 8.99994e-01 8.74997e-01 8.49995e-01 8.24998e-01 8.00004e-01 7.75002e-01 7.50007e-01;
1.01000e+00 9.99898e-01 9.74999e-01 9.49999e-01 9.25000e-01 9.00000e-01 8.74995e-01 8.49997e-01 8.24996e-01 7.99995e-01 7.75001e-01 7.50005e-01;
1.01000e+00 9.99896e-01 9.74989e-01 9.49991e-01 9.24991e-01 9.00001e-01 8.75001e-01 8.49996e-01 8.24997e-01 7.99997e-01 7.75002e-01 7.50008e-01;
1.01000e+00 9.99893e-01 9.74994e-01 9.49994e-01 9.24994e-01 8.99993e-01 8.74999e-01 8.49993e-01 8.24996e-01 7.99998e-01 7.75001e-01 7.50005e-01;
1.01000e+00 9.99896e-01 9.79995e-01 9.60000e-01 9.39995e-01 9.19996e-01 9.00001e-01 8.80003e-01 8.60001e-01 8.50000e-01 8.20000e-01 7.99999e-01;
1.01000e+00 9.99900e-01 9.80000e-01 9.59996e-01 9.39997e-01 9.19998e-01 8.99997e-01 8.79999e-01 8.59997e-01 8.40000e-01 8.19993e-01 7.99996e-01];

A = [
-3.92717e+00 -3.92433e+00 -3.90816e+00 -3.61802e+00 -3.33208e+00 -3.00556e+00 -2.82452e+00 -2.53274e+00 -1.97157e+00 -1.85014e+00 -1.35123e+00 -1.14921e+00;
-3.95023e+00 -3.94740e+00 -3.96558e+00 -3.67473e+00 -3.38885e+00 -3.05180e+00 -2.86661e+00 -2.56372e+00 -2.00024e+00 -1.86718e+00 -1.39666e+00 -1.16270e+00;
-4.01983e+00 -4.01692e+00 -4.06486e+00 -3.84526e+00 -3.56972e+00 -3.22222e+00 -2.99902e+00 -2.63550e+00 -2.08077e+00 -1.94596e+00 -1.48230e+00 -1.28539e+00;
-4.13731e+00 -4.13479e+00 -4.18583e+00 -4.13017e+00 -3.85315e+00 -3.49649e+00 -3.28653e+00 -2.81272e+00 -2.21143e+00 -2.06363e+00 -1.59028e+00 -1.50112e+00;
-4.30438e+00 -4.30279e+00 -4.35762e+00 -4.42867e+00 -4.21029e+00 -3.85555e+00 -3.72069e+00 -3.30213e+00 -2.44712e+00 -2.25706e+00 -1.70319e+00 -1.64039e+00;
-4.52527e+00 -4.52446e+00 -4.58897e+00 -4.66174e+00 -4.72313e+00 -4.29263e+00 -4.10943e+00 -3.74238e+00 -2.97728e+00 -2.61526e+00 -1.87328e+00 -1.77672e+00;
-4.80541e+00 -4.80336e+00 -4.87992e+00 -4.96008e+00 -5.05438e+00 -4.88162e+00 -4.60784e+00 -4.16705e+00 -3.45734e+00 -3.01560e+00 -2.27560e+00 -1.99148e+00;
-5.15812e+00 -5.14916e+00 -5.23638e+00 -5.32403e+00 -5.43711e+00 -5.36102e+00 -5.33452e+00 -4.70228e+00 -3.90922e+00 -3.52781e+00 -2.50407e+00 -2.34264e+00;
-5.59368e+00 -5.58221e+00 -5.67048e+00 -5.77648e+00 -5.92006e+00 -5.83131e+00 -5.98725e+00 -5.50193e+00 -4.52316e+00 -4.07849e+00 -2.94317e+00 -2.64959e+00;
-6.10361e+00 -6.09256e+00 -6.17036e+00 -6.20579e+00 -6.50829e+00 -6.44656e+00 -6.38230e+00 -6.58615e+00 -6.40807e+00 -6.27546e+00 -5.22756e+00 -4.88916e+00;
-6.39719e+00 -6.38602e+00 -6.46460e+00 -6.49828e+00 -6.82477e+00 -6.76387e+00 -6.69955e+00 -6.91255e+00 -6.71777e+00 -6.27439e+00 -5.80161e+00 -5.43728e+00];

B = [
1.09571e+05 1.13996e+05 1.28917e+05 1.45911e+05 1.57681e+05 1.69906e+05 1.81058e+05 1.96387e+05 2.03848e+05 2.09079e+05 2.09585e+05 1.97524e+05;
1.09333e+05 1.13709e+05 1.27609e+05 1.45312e+05 1.59609e+05 1.69158e+05 1.80954e+05 1.94454e+05 2.04364e+05 2.09268e+05 2.10382e+05 1.99401e+05;
1.08611e+05 1.12791e+05 1.25946e+05 1.42411e+05 1.63071e+05 1.68377e+05 1.82778e+05 1.95230e+05 2.04269e+05 2.09171e+05 2.11283e+05 2.07427e+05;
1.07386e+05 1.11280e+05 1.24889e+05 1.35836e+05 1.58311e+05 1.75627e+05 1.81785e+05 1.94092e+05 2.03610e+05 2.10409e+05 2.17258e+05 2.22604e+05;
1.05592e+05 1.09116e+05 1.23163e+05 1.29655e+05 1.50073e+05 1.69466e+05 1.87584e+05 2.05312e+05 2.03564e+05 2.12550e+05 2.18544e+05 2.29459e+05;
1.03355e+05 1.06521e+05 1.20930e+05 1.28025e+05 1.37804e+05 1.59582e+05 1.80725e+05 2.01617e+05 2.14562e+05 2.20854e+05 2.21749e+05 2.27956e+05;
1.01202e+05 1.03744e+05 1.17955e+05 1.26237e+05 1.34706e+05 1.45059e+05 1.70210e+05 1.93147e+05 2.07613e+05 2.22614e+05 2.32837e+05 2.26794e+05;
9.93733e+04 1.00734e+05 1.14282e+05 1.23678e+05 1.31961e+05 1.38826e+05 1.54623e+05 1.80191e+05 1.97693e+05 2.12768e+05 2.25728e+05 2.32136e+05;
9.73173e+04 9.84544e+04 1.09954e+05 1.20947e+05 1.29168e+05 1.35947e+05 1.43824e+05 1.60232e+05 1.85682e+05 2.01490e+05 2.11446e+05 2.29523e+05;
9.51970e+04 9.63169e+04 1.02863e+05 1.13238e+05 1.21200e+05 1.28560e+05 1.32834e+05 1.37528e+05 1.46585e+05 1.47626e+05 1.68929e+05 1.93120e+05;
9.40175e+04 9.51494e+04 1.00994e+05 1.11323e+05 1.19530e+05 1.26918e+05 1.31215e+05 1.35872e+05 1.43986e+05 1.47574e+05 1.57699e+05 1.87333e+05];

C = [
1.00000e+00 1.00000e+00 1.00000e+00 1.00000e+00 1.00000e+00 1.00000e+00 1.00000e+00 1.00000e+00 1.00000e+00 1.00000e+00 1.00000e+00 1.00000e+00;
2.57357e+01 2.61288e+01 2.68066e+01 2.67414e+01 2.82065e+01 2.81860e+01 3.01730e+01 3.00049e+01 2.91593e+01 2.87175e+01 2.52885e+01 2.47527e+01;
9.73827e-03 9.57769e-03 9.60835e-03 1.00690e-02 1.05342e-02 1.12369e-02 1.23981e-02 1.32264e-02 1.23145e-02 1.34116e-02 1.23473e-02 1.32138e-02;
-3.12920e-02 -3.20491e-02 -3.27702e-02 -3.16803e-02 -3.37202e-02 -3.32468e-02 -3.64671e-02 -3.73889e-02 -3.99084e-02 -4.17057e-02 -4.04477e-02 -4.46018e-02;
9.93127e+00 1.01117e+01 1.01883e+01 9.17411e+00 8.71171e+00 7.95565e+00 7.81451e+00 7.21173e+00 6.46453e+00 5.94422e+00 4.86268e+00 4.54912e+00;
-2.97913e-02 -3.03674e-02 -3.09581e-02 -3.08534e-02 -3.40047e-02 -3.49077e-02 -3.95811e-02 -4.19334e-02 -4.53558e-02 -4.82980e-02 -4.76077e-02 -5.31559e-02;
1.00000e+00 1.00000e+00 1.00000e+00 1.00000e+00 1.00000e+00 1.00000e+00 1.00000e+00 1.00000e+00 1.00000e+00 1.00000e+00 1.00000e+00 1.00000e+00;
2.58933e+01 2.62885e+01 2.69647e+01 2.68728e+01 2.83047e+01 2.82456e+01 3.02793e+01 3.00885e+01 2.91977e+01 2.88056e+01 2.54321e+01 2.48242e+01;
9.74663e-03 9.58536e-03 9.61517e-03 1.00789e-02 1.05233e-02 1.12422e-02 1.24049e-02 1.32241e-02 1.23386e-02 1.34223e-02 1.23892e-02 1.32260e-02;
-3.13271e-02 -3.20851e-02 -3.27945e-02 -3.16178e-02 -3.35552e-02 -3.29138e-02 -3.60718e-02 -3.68558e-02 -3.91478e-02 -4.09760e-02 -3.95872e-02 -4.36058e-02;
9.99220e+00 1.01744e+01 1.03605e+01 9.30634e+00 8.82861e+00 8.03380e+00 7.89779e+00 7.28968e+00 6.51012e+00 5.96887e+00 4.90354e+00 4.56085e+00;
-2.98288e-02 -3.04052e-02 -3.08810e-02 -3.06826e-02 -3.37020e-02 -3.44715e-02 -3.90918e-02 -4.13280e-02 -4.45373e-02 -4.75418e-02 -4.66254e-02 -5.21353e-02;
1.00000e+00 1.00000e+00 1.00000e+00 1.00000e+00 1.00000e+00 1.00000e+00 1.00000e+00 1.00000e+00 1.00000e+00 1.00000e+00 1.00000e+00 1.00000e+00;
2.63702e+01 2.67733e+01 2.74573e+01 2.72796e+01 2.86321e+01 2.83996e+01 3.05705e+01 3.02709e+01 2.94662e+01 2.91913e+01 2.57322e+01 2.50006e+01;
9.77170e-03 9.60821e-03 9.63955e-03 1.01026e-02 1.04997e-02 1.12281e-02 1.24059e-02 1.32290e-02 1.23933e-02 1.34790e-02 1.24472e-02 1.33851e-02;
-3.14323e-02 -3.21970e-02 -3.28995e-02 -3.14701e-02 -3.31493e-02 -3.20577e-02 -3.49412e-02 -3.51851e-02 -3.73464e-02 -3.90779e-02 -3.73905e-02 -4.02544e-02;
1.01759e+01 1.03641e+01 1.06506e+01 9.72003e+00 9.23068e+00 8.29816e+00 8.15667e+00 7.43010e+00 6.67064e+00 6.14564e+00 5.01596e+00 4.63907e+00;
-2.99420e-02 -3.05234e-02 -3.09069e-02 -3.02137e-02 -3.28683e-02 -3.31892e-02 -3.76494e-02 -3.95227e-02 -4.25835e-02 -4.54933e-02 -4.42166e-02 -4.84847e-02;
1.00000e+00 1.00000e+00 1.00000e+00 1.00000e+00 1.00000e+00 1.00000e+00 1.00000e+00 1.00000e+00 1.00000e+00 1.00000e+00 1.00000e+00 1.00000e+00;
2.71786e+01 2.75911e+01 2.82939e+01 2.80140e+01 2.91341e+01 2.88744e+01 3.09626e+01 3.05379e+01 3.01201e+01 2.97940e+01 2.60366e+01 2.55822e+01;
9.81339e-03 9.64869e-03 9.68084e-03 1.01343e-02 1.04485e-02 1.11803e-02 1.23694e-02 1.32312e-02 1.24600e-02 1.35813e-02 1.25417e-02 1.35200e-02;
-3.16082e-02 -3.23722e-02 -3.30770e-02 -3.13778e-02 -3.25336e-02 -3.10972e-02 -3.33343e-02 -3.25557e-02 -3.49452e-02 -3.59541e-02 -3.37280e-02 -3.58833e-02;
1.04852e+01 1.06824e+01 1.09882e+01 1.04744e+01 9.87491e+00 8.81948e+00 8.61665e+00 7.69183e+00 6.99766e+00 6.38215e+00 5.16810e+00 4.79753e+00;
-3.01320e-02 -3.07105e-02 -3.10911e-02 -2.96100e-02 -3.16135e-02 -3.15674e-02 -3.53015e-02 -3.64798e-02 -3.99448e-02 -4.21847e-02 -4.03361e-02 -4.34879e-02;
1.00000e+00 1.00000e+00 1.00000e+00 1.00000e+00 1.00000e+00 1.00000e+00 1.00000e+00 1.00000e+00 1.00000e+00 1.00000e+00 1.00000e+00 1.00000e+00;
2.83393e+01 2.87646e+01 2.94918e+01 2.90792e+01 3.01129e+01 2.97132e+01 3.14086e+01 3.10389e+01 3.09234e+01 3.05917e+01 2.66668e+01 2.61556e+01;
9.87150e-03 9.70530e-03 9.73766e-03 1.01582e-02 1.04964e-02 1.11473e-02 1.23363e-02 1.31310e-02 1.26021e-02 1.37438e-02 1.25345e-02 1.36262e-02;
-3.18553e-02 -3.26183e-02 -3.33233e-02 -3.15115e-02 -3.19437e-02 -3.02203e-02 -3.13690e-02 -3.00721e-02 -3.15266e-02 -3.20795e-02 -2.96480e-02 -3.07379e-02;
1.09233e+01 1.11349e+01 1.14689e+01 1.13282e+01 1.08111e+01 9.62372e+00 9.27629e+00 8.31676e+00 7.48139e+00 6.76662e+00 5.41835e+00 4.96413e+00;
-3.04024e-02 -3.09758e-02 -3.13511e-02 -2.93572e-02 -3.04164e-02 -2.99381e-02 -3.22702e-02 -3.26030e-02 -3.60774e-02 -3.79904e-02 -3.60016e-02 -3.80713e-02;
1.00000e+00 1.00000e+00 1.00000e+00 1.00000e+00 1.00000e+00 1.00000e+00 1.00000e+00 1.00000e+00 1.00000e+00 1.00000e+00 1.00000e+00 1.00000e+00;
2.98824e+01 3.03227e+01 3.10813e+01 3.06497e+01 3.15860e+01 3.10524e+01 3.25688e+01 3.18704e+01 3.20094e+01 3.16140e+01 2.76088e+01 2.71151e+01;
9.94567e-03 9.77756e-03 9.81013e-03 1.02289e-02 1.05712e-02 1.11739e-02 1.23511e-02 1.31338e-02 1.25747e-02 1.38807e-02 1.26493e-02 1.37346e-02;
-3.21754e-02 -3.29336e-02 -3.36380e-02 -3.18317e-02 -3.18137e-02 -2.93165e-02 -2.94688e-02 -2.73416e-02 -2.85563e-02 -2.77879e-02 -2.50957e-02 -2.54558e-02;
1.15004e+01 1.17290e+01 1.21032e+01 1.19674e+01 1.22839e+01 1.08570e+01 1.02506e+01 9.08221e+00 8.20302e+00 7.32774e+00 5.80690e+00 5.26214e+00;
-3.07538e-02 -3.13186e-02 -3.16742e-02 -2.96862e-02 -2.94695e-02 -2.82875e-02 -2.96824e-02 -2.89168e-02 -3.16895e-02 -3.29111e-02 -3.11788e-02 -3.26244e-02;
1.00000e+00 1.00000e+00 1.00000e+00 1.00000e+00 1.00000e+00 1.00000e+00 1.00000e+00 1.00000e+00 1.00000e+00 1.00000e+00 1.00000e+00 1.00000e+00;
3.18478e+01 3.23073e+01 3.31000e+01 3.26436e+01 3.36646e+01 3.28979e+01 3.42276e+01 3.33985e+01 3.35531e+01 3.31088e+01 2.84866e+01 2.81564e+01;
1.00352e-02 9.86454e-03 9.89756e-03 1.03142e-02 1.06581e-02 1.12512e-02 1.24051e-02 1.31471e-02 1.26458e-02 1.38072e-02 1.25726e-02 1.37345e-02;
-3.25713e-02 -3.33257e-02 -3.40174e-02 -3.22164e-02 -3.22451e-02 -2.88262e-02 -2.78549e-02 -2.49341e-02 -2.54017e-02 -2.39769e-02 -2.06716e-02 -1.98912e-02;
1.22288e+01 1.24728e+01 1.29005e+01 1.27852e+01 1.31862e+01 1.26140e+01 1.16926e+01 1.02342e+01 9.23342e+00 8.15606e+00 6.34206e+00 5.65510e+00;
-3.11878e-02 -3.17494e-02 -3.20712e-02 -3.00755e-02 -2.98275e-02 -2.69014e-02 -2.73086e-02 -2.58272e-02 -2.75666e-02 -2.81488e-02 -2.56344e-02 -2.66129e-02;
1.00000e+00 1.00000e+00 1.00000e+00 1.00000e+00 1.00000e+00 1.00000e+00 1.00000e+00 1.00000e+00 1.00000e+00 1.00000e+00 1.00000e+00 1.00000e+00;
3.42799e+01 3.47674e+01 3.55982e+01 3.51086e+01 3.62831e+01 3.53722e+01 3.65041e+01 3.53481e+01 3.57664e+01 3.50878e+01 2.99610e+01 2.92110e+01;
1.01377e-02 9.96534e-03 9.99922e-03 1.04093e-02 1.07740e-02 1.13642e-02 1.25092e-02 1.31737e-02 1.26511e-02 1.39279e-02 1.26179e-02 1.37227e-02;
-3.30340e-02 -3.37923e-02 -3.44623e-02 -3.26688e-02 -3.27005e-02 -2.92426e-02 -2.69923e-02 -2.29311e-02 -2.27267e-02 -2.00170e-02 -1.60771e-02 -1.44356e-02;
1.31405e+01 1.33899e+01 1.38735e+01 1.37864e+01 1.42422e+01 1.39151e+01 1.38543e+01 1.17816e+01 1.05955e+01 9.18797e+00 6.99317e+00 6.24364e+00;
-3.16778e-02 -3.22574e-02 -3.25437e-02 -3.05417e-02 -3.02799e-02 -2.70271e-02 -2.53776e-02 -2.30630e-02 -2.41745e-02 -2.32664e-02 -2.07524e-02 -2.03560e-02;
1.00000e+00 1.00000e+00 1.00000e+00 1.00000e+00 1.00000e+00 1.00000e+00 1.00000e+00 1.00000e+00 1.00000e+00 1.00000e+00 1.00000e+00 1.00000e+00;
3.72644e+01 3.77890e+01 3.86677e+01 3.81766e+01 3.95037e+01 3.84148e+01 3.96063e+01 3.77564e+01 3.84283e+01 3.76904e+01 3.17815e+01 3.14789e+01;
1.02531e-02 1.00775e-02 1.01136e-02 1.05235e-02 1.09048e-02 1.14940e-02 1.26480e-02 1.32633e-02 1.27968e-02 1.42341e-02 1.26427e-02 1.39998e-02;
-3.35586e-02 -3.43283e-02 -3.49804e-02 -3.31736e-02 -3.33256e-02 -2.98176e-02 -2.73274e-02 -2.15249e-02 -2.02098e-02 -1.61513e-02 -1.16546e-02 -9.29615e-03;
1.42765e+01 1.45323e+01 1.50466e+01 1.50218e+01 1.55774e+01 1.51109e+01 1.57116e+01 1.41451e+01 1.24910e+01 1.06845e+01 8.00389e+00 7.20085e+00;
-3.22261e-02 -3.28186e-02 -3.30994e-02 -3.10544e-02 -3.08781e-02 -2.75785e-02 -2.52210e-02 -2.05312e-02 -2.08507e-02 -1.87838e-02 -1.55187e-02 -1.49971e-02;
1.00000e+00 1.00000e+00 1.00000e+00 1.00000e+00 1.00000e+00 1.00000e+00 1.00000e+00 1.00000e+00 1.00000e+00 1.00000e+00 1.00000e+00 1.00000e+00;
4.07666e+01 4.13330e+01 4.24841e+01 4.16467e+01 4.37167e+01 4.26611e+01 4.20034e+01 4.37050e+01 4.22375e+01 4.11723e+01 4.15093e+01 4.07102e+01;
1.03675e-02 1.01930e-02 1.01493e-02 1.04154e-02 1.07874e-02 1.11585e-02 1.16380e-02 1.26767e-02 1.31937e-02 1.34127e-02 1.31302e-02 1.43685e-02;
-3.41291e-02 -3.49025e-02 -3.60576e-02 -3.41891e-02 -3.55070e-02 -3.29728e-02 -3.03672e-02 -2.88880e-02 -2.44074e-02 -2.17141e-02 -1.77622e-02 -1.35655e-02;
1.56358e+01 1.58965e+01 1.64569e+01 1.63062e+01 1.73044e+01 1.68544e+01 1.65478e+01 1.72811e+01 1.68101e+01 1.63942e+01 1.46920e+01 1.30241e+01;
-3.28161e-02 -3.34112e-02 -3.42353e-02 -3.22256e-02 -3.30491e-02 -3.05675e-02 -2.81105e-02 -2.67044e-02 -2.25518e-02 -2.00792e-02 -1.76844e-02 -1.49849e-02;
1.00000e+00 1.00000e+00 1.00000e+00 1.00000e+00 1.00000e+00 1.00000e+00 1.00000e+00 1.00000e+00 1.00000e+00 1.00000e+00 1.00000e+00 1.00000e+00;
4.27761e+01 4.33653e+01 4.45683e+01 4.37161e+01 4.58704e+01 4.47711e+01 4.40639e+01 4.58466e+01 4.42932e+01 4.34709e+01 4.33925e+01 4.23255e+01;
1.04273e-02 1.02525e-02 1.01984e-02 1.04859e-02 1.08590e-02 1.12265e-02 1.17149e-02 1.27607e-02 1.32810e-02 1.30395e-02 1.31906e-02 1.44051e-02;
-3.44341e-02 -3.52088e-02 -3.63873e-02 -3.44873e-02 -3.58269e-02 -3.32896e-02 -3.06654e-02 -2.91799e-02 -2.46395e-02 -2.09086e-02 -1.74055e-02 -1.26793e-02;
1.64310e+01 1.66922e+01 1.72581e+01 1.70877e+01 1.81660e+01 1.77229e+01 1.73871e+01 1.81220e+01 1.76192e+01 1.73027e+01 1.65360e+01 1.45630e+01;
-3.31281e-02 -3.37239e-02 -3.45686e-02 -3.25500e-02 -3.33747e-02 -3.08765e-02 -2.83984e-02 -2.69869e-02 -2.27915e-02 -1.93188e-02 -1.65181e-02 -1.32396e-02];

D = [
0.00000e+00 0.00000e+00 0.00000e+00 0.00000e+00 0.00000e+00 0.00000e+00 0.00000e+00 0.00000e+00 0.00000e+00 0.00000e+00 0.00000e+00 0.00000e+00;
8.01581e+05 8.15904e+05 8.63964e+05 8.93272e+05 8.79473e+05 8.63179e+05 8.61772e+05 8.23413e+05 7.98866e+05 8.16323e+05 7.99395e+05 7.81265e+05;
2.54450e+02 2.64539e+02 2.80284e+02 2.95603e+02 3.06616e+02 3.10832e+02 3.24093e+02 3.39163e+02 3.54387e+02 3.73833e+02 3.94401e+02 4.17303e+02;
4.08736e+03 4.19200e+03 4.45117e+03 4.72238e+03 5.10646e+03 5.42383e+03 5.84014e+03 6.34844e+03 6.86492e+03 7.33909e+03 7.94161e+03 8.63358e+03;
4.03581e+05 4.08310e+05 4.22147e+05 4.01034e+05 3.62281e+05 3.23782e+05 2.97414e+05 2.51097e+05 2.24271e+05 2.06435e+05 1.88999e+05 1.72120e+05;
3.72764e+03 3.81048e+03 4.00876e+03 4.20930e+03 4.54150e+03 4.80434e+03 5.15761e+03 5.58214e+03 6.03592e+03 6.44294e+03 6.99520e+03 7.68544e+03;
0.00000e+00 0.00000e+00 0.00000e+00 0.00000e+00 0.00000e+00 0.00000e+00 0.00000e+00 0.00000e+00 0.00000e+00 0.00000e+00 0.00000e+00 0.00000e+00;
8.00309e+05 8.14507e+05 8.62921e+05 8.93735e+05 8.84447e+05 8.70786e+05 8.63353e+05 8.25661e+05 8.17204e+05 8.23669e+05 8.01882e+05 7.88557e+05;
2.52719e+02 2.62707e+02 2.78502e+02 2.94023e+02 3.07070e+02 3.08144e+02 3.23590e+02 3.38993e+02 3.54219e+02 3.74512e+02 3.94833e+02 4.20548e+02;
4.05994e+03 4.16388e+03 4.42177e+03 4.69326e+03 5.07770e+03 5.38006e+03 5.80745e+03 6.31263e+03 6.80609e+03 7.29066e+03 7.89599e+03 8.58828e+03;
4.03011e+05 4.07647e+05 4.25266e+05 4.04206e+05 3.63935e+05 3.28799e+05 2.98342e+05 2.58073e+05 2.29102e+05 2.08532e+05 1.90012e+05 1.68531e+05;
3.70304e+03 3.78549e+03 3.98577e+03 4.18469e+03 4.50778e+03 4.76664e+03 5.12767e+03 5.55543e+03 5.97702e+03 6.39537e+03 6.94850e+03 7.63196e+03;
0.00000e+00 0.00000e+00 0.00000e+00 0.00000e+00 0.00000e+00 0.00000e+00 0.00000e+00 0.00000e+00 0.00000e+00 0.00000e+00 0.00000e+00 0.00000e+00;
7.96514e+05 8.10286e+05 8.58994e+05 8.93690e+05 8.95357e+05 8.85722e+05 8.69783e+05 8.40590e+05 8.42051e+05 8.34639e+05 8.13053e+05 8.33359e+05;
2.47614e+02 2.57291e+02 2.72927e+02 2.89237e+02 3.06895e+02 3.03180e+02 3.22664e+02 3.37005e+02 3.51534e+02 3.76833e+02 3.97867e+02 4.05023e+02;
3.97907e+03 4.08095e+03 4.33419e+03 4.60639e+03 4.99065e+03 5.26895e+03 5.72452e+03 6.19125e+03 6.63419e+03 7.17020e+03 7.76522e+03 8.35118e+03;
4.01387e+05 4.05748e+05 4.26067e+05 4.14197e+05 3.70861e+05 3.38744e+05 2.96185e+05 2.61059e+05 2.36752e+05 2.13660e+05 1.93084e+05 1.75037e+05;
3.63053e+03 3.71199e+03 3.91074e+03 4.11452e+03 4.41473e+03 4.66677e+03 5.04580e+03 5.43900e+03 5.81278e+03 6.28020e+03 6.81862e+03 7.38092e+03;
0.00000e+00 0.00000e+00 0.00000e+00 0.00000e+00 0.00000e+00 0.00000e+00 0.00000e+00 0.00000e+00 0.00000e+00 0.00000e+00 0.00000e+00 0.00000e+00;
7.90261e+05 8.03435e+05 8.52437e+05 8.89836e+05 8.97158e+05 9.07145e+05 8.80751e+05 8.72398e+05 8.55503e+05 8.61920e+05 8.83746e+05 8.49094e+05;
2.39393e+02 2.48601e+02 2.63920e+02 2.81108e+02 3.00860e+02 3.04615e+02 3.20881e+02 3.32342e+02 3.52233e+02 3.75582e+02 3.82429e+02 3.89733e+02;
3.84880e+03 3.94733e+03 4.19306e+03 4.46312e+03 4.83931e+03 5.12884e+03 5.56600e+03 5.98145e+03 6.46114e+03 6.97061e+03 7.43206e+03 8.04773e+03;
3.98937e+05 4.02821e+05 4.21711e+05 4.30996e+05 3.87256e+05 3.48260e+05 3.09857e+05 2.76099e+05 2.46092e+05 2.26053e+05 2.13704e+05 1.85097e+05;
3.51375e+03 3.59343e+03 3.78494e+03 4.00355e+03 4.29052e+03 4.51122e+03 4.90144e+03 5.24601e+03 5.65251e+03 6.08812e+03 6.48458e+03 7.04108e+03;
0.00000e+00 0.00000e+00 0.00000e+00 0.00000e+00 0.00000e+00 0.00000e+00 0.00000e+00 0.00000e+00 0.00000e+00 0.00000e+00 0.00000e+00 0.00000e+00;
7.81646e+05 7.93988e+05 8.43529e+05 8.82225e+05 8.97762e+05 9.10568e+05 9.27356e+05 9.06465e+05 9.01474e+05 9.17529e+05 9.12118e+05 9.35269e+05;
2.28449e+02 2.37039e+02 2.51974e+02 2.69001e+02 2.87894e+02 2.97311e+02 3.18048e+02 3.37712e+02 3.43001e+02 3.69067e+02 3.87260e+02 3.80581e+02;
3.67539e+03 3.76950e+03 4.00518e+03 4.26530e+03 4.62843e+03 4.92453e+03 5.31728e+03 5.78552e+03 6.16898e+03 6.64875e+03 7.15746e+03 7.63167e+03;
3.96158e+05 3.99235e+05 4.16149e+05 4.42083e+05 4.12534e+05 3.68510e+05 3.31278e+05 2.80766e+05 2.69763e+05 2.46867e+05 2.26071e+05 2.10376e+05;
3.35847e+03 3.43572e+03 3.61807e+03 3.84099e+03 4.12451e+03 4.34380e+03 4.64828e+03 5.02343e+03 5.38149e+03 5.77705e+03 6.21549e+03 6.61998e+03;
0.00000e+00 0.00000e+00 0.00000e+00 0.00000e+00 0.00000e+00 0.00000e+00 0.00000e+00 0.00000e+00 0.00000e+00 0.00000e+00 0.00000e+00 0.00000e+00;
7.70954e+05 7.82574e+05 8.31620e+05 8.71154e+05 8.93212e+05 9.09856e+05 9.33967e+05 9.30253e+05 9.45673e+05 9.81775e+05 9.78629e+05 9.84822e+05;
2.15320e+02 2.23272e+02 2.37407e+02 2.53831e+02 2.70271e+02 2.86035e+02 3.09748e+02 3.23841e+02 3.49173e+02 3.57617e+02 3.72398e+02 3.86126e+02;
3.46681e+03 3.55570e+03 3.77893e+03 4.02546e+03 4.36546e+03 4.67056e+03 5.05378e+03 5.45197e+03 5.88574e+03 6.28386e+03 6.75371e+03 7.26306e+03;
3.93204e+05 3.95417e+05 4.09782e+05 4.34057e+05 4.47894e+05 3.96638e+05 3.52941e+05 3.07337e+05 2.88666e+05 2.72252e+05 2.53663e+05 2.33847e+05;
3.17143e+03 3.24545e+03 3.41725e+03 3.62679e+03 3.92172e+03 4.14207e+03 4.42890e+03 4.73049e+03 5.07450e+03 5.41036e+03 5.83029e+03 6.27101e+03;
0.00000e+00 0.00000e+00 0.00000e+00 0.00000e+00 0.00000e+00 0.00000e+00 0.00000e+00 0.00000e+00 0.00000e+00 0.00000e+00 0.00000e+00 0.00000e+00;
7.58790e+05 7.69659e+05 8.17596e+05 8.58141e+05 8.78061e+05 9.02180e+05 9.36469e+05 9.40608e+05 1.00016e+06 1.02624e+06 1.07327e+06 1.05781e+06;
2.00667e+02 2.07948e+02 2.21056e+02 2.36804e+02 2.53345e+02 2.69262e+02 2.97394e+02 3.14057e+02 3.39577e+02 3.62930e+02 3.83135e+02 3.95383e+02;
3.23202e+03 3.31513e+03 3.52424e+03 3.75545e+03 4.07827e+03 4.36460e+03 4.75251e+03 5.12385e+03 5.48874e+03 5.93702e+03 6.36924e+03 6.85516e+03;
3.90028e+05 3.91919e+05 4.03226e+05 4.24185e+05 4.43747e+05 4.36241e+05 3.84835e+05 3.36832e+05 3.24272e+05 3.03524e+05 2.85247e+05 2.63607e+05;
2.95932e+03 3.03016e+03 3.19167e+03 3.38507e+03 3.66831e+03 3.90470e+03 4.18659e+03 4.45692e+03 4.72766e+03 5.07522e+03 5.42015e+03 5.88057e+03;
0.00000e+00 0.00000e+00 0.00000e+00 0.00000e+00 0.00000e+00 0.00000e+00 0.00000e+00 0.00000e+00 0.00000e+00 0.00000e+00 0.00000e+00 0.00000e+00;
7.44979e+05 7.54828e+05 8.01600e+05 8.43135e+05 8.60304e+05 8.85618e+05 9.30750e+05 9.53115e+05 1.01943e+06 1.08748e+06 1.15939e+06 1.16357e+06;
1.84940e+02 1.91462e+02 2.03520e+02 2.18816e+02 2.34946e+02 2.48489e+02 2.77822e+02 3.01615e+02 3.33136e+02 3.55550e+02 3.67918e+02 3.95424e+02;
2.98013e+03 3.05682e+03 3.25090e+03 3.46591e+03 3.76932e+03 4.03192e+03 4.40337e+03 4.76310e+03 5.13297e+03 5.52042e+03 5.90383e+03 6.39021e+03;
3.85374e+05 3.88418e+05 3.97149e+05 4.14080e+05 4.34334e+05 4.45102e+05 4.28181e+05 3.78886e+05 3.60967e+05 3.40819e+05 3.33918e+05 2.99860e+05;
2.73008e+03 2.79827e+03 2.94982e+03 3.12669e+03 3.39342e+03 3.61968e+03 3.91462e+03 4.16538e+03 4.43055e+03 4.71969e+03 5.01630e+03 5.42265e+03;
0.00000e+00 0.00000e+00 0.00000e+00 0.00000e+00 0.00000e+00 0.00000e+00 0.00000e+00 0.00000e+00 0.00000e+00 0.00000e+00 0.00000e+00 0.00000e+00;
7.29725e+05 7.38954e+05 7.83770e+05 8.26597e+05 8.40886e+05 8.66882e+05 9.13326e+05 9.77709e+05 1.05144e+06 1.14352e+06 1.21673e+06 1.29428e+06;
1.68737e+02 1.74403e+02 1.85216e+02 2.00169e+02 2.15501e+02 2.26738e+02 2.54096e+02 2.83893e+02 3.05897e+02 3.28137e+02 3.66415e+02 4.01419e+02;
2.71753e+03 2.78739e+03 2.96532e+03 3.16372e+03 3.44603e+03 3.68382e+03 4.02582e+03 4.34754e+03 4.69385e+03 5.05663e+03 5.48056e+03 5.89590e+03;
3.78948e+05 3.83039e+05 3.92315e+05 4.04335e+05 4.21163e+05 4.39223e+05 4.47064e+05 4.39506e+05 4.15251e+05 4.00901e+05 3.67053e+05 3.33110e+05;
2.49071e+03 2.55358e+03 2.69704e+03 2.85633e+03 3.10486e+03 3.31060e+03 3.60182e+03 3.83874e+03 4.07256e+03 4.33880e+03 4.66443e+03 4.95671e+03;
0.00000e+00 0.00000e+00 0.00000e+00 0.00000e+00 0.00000e+00 0.00000e+00 0.00000e+00 0.00000e+00 0.00000e+00 0.00000e+00 0.00000e+00 0.00000e+00;
7.13656e+05 7.22728e+05 7.54929e+05 7.93723e+05 8.13585e+05 8.37970e+05 8.47934e+05 8.88539e+05 9.13485e+05 9.62233e+05 1.06402e+06 1.19932e+06;
1.52387e+02 1.57729e+02 1.63339e+02 1.79039e+02 1.86775e+02 1.93992e+02 2.05342e+02 2.25512e+02 2.44657e+02 2.58959e+02 2.96558e+02 3.23381e+02;
2.45945e+03 2.52303e+03 2.64866e+03 2.79520e+03 2.96509e+03 3.15836e+03 3.34041e+03 3.58396e+03 3.84646e+03 3.95239e+03 4.36639e+03 4.65250e+03;
3.70493e+05 3.75815e+05 3.86988e+05 3.91834e+05 3.99324e+05 4.16709e+05 4.30640e+05 4.45573e+05 4.42181e+05 4.61201e+05 4.67885e+05 4.43279e+05;
2.25542e+03 2.31260e+03 2.42032e+03 2.53192e+03 2.67746e+03 2.84667e+03 3.00525e+03 3.21567e+03 3.43277e+03 3.51634e+03 3.81488e+03 3.98766e+03;
0.00000e+00 0.00000e+00 0.00000e+00 0.00000e+00 0.00000e+00 0.00000e+00 0.00000e+00 0.00000e+00 0.00000e+00 0.00000e+00 0.00000e+00 0.00000e+00;
7.05259e+05 7.14231e+05 7.44950e+05 7.84193e+05 8.04325e+05 8.27494e+05 8.37932e+05 8.78177e+05 9.03107e+05 9.68780e+05 1.05887e+06 1.23227e+06;
1.44348e+02 1.49426e+02 1.54712e+02 1.69624e+02 1.77116e+02 1.84444e+02 1.94692e+02 2.13864e+02 2.32139e+02 2.61006e+02 2.83246e+02 3.21905e+02;
2.33112e+03 2.39148e+03 2.51076e+03 2.65022e+03 2.81208e+03 2.99759e+03 3.16929e+03 3.40116e+03 3.65133e+03 3.88943e+03 4.15197e+03 4.45154e+03;
3.65205e+05 3.71289e+05 3.83855e+05 3.89022e+05 3.94781e+05 4.09706e+05 4.24720e+05 4.43025e+05 4.40112e+05 4.66859e+05 5.00176e+05 4.74156e+05;
2.13837e+03 2.19266e+03 2.29629e+03 2.40267e+03 2.54080e+03 2.70304e+03 2.85285e+03 3.05343e+03 3.26271e+03 3.45349e+03 3.65167e+03 3.81641e+03];

N_Kp = [
4.49402e-05 4.31960e-05 3.81990e-05 3.37880e-05 3.13003e-05 2.90851e-05 2.73126e-05 2.53357e-05 2.44346e-05 2.38288e-05 2.38256e-05 2.52854e-05;
4.50338e-05 4.33012e-05 3.85819e-05 3.39197e-05 3.09156e-05 2.92084e-05 2.73240e-05 2.55860e-05 2.43717e-05 2.38066e-05 2.37343e-05 2.50470e-05;
4.53210e-05 4.36420e-05 3.84388e-05 3.45878e-05 3.02380e-05 2.93245e-05 2.70374e-05 2.54808e-05 2.43792e-05 2.38140e-05 2.36312e-05 2.40750e-05;
4.50565e-05 4.34808e-05 3.87269e-05 3.56217e-05 3.11130e-05 2.80843e-05 2.71549e-05 2.54796e-05 2.44519e-05 2.36686e-05 2.29789e-05 2.24290e-05;
4.57615e-05 4.42843e-05 3.92165e-05 3.72319e-05 3.22221e-05 2.90647e-05 2.62713e-05 2.40417e-05 2.44464e-05 2.34215e-05 2.28223e-05 2.17561e-05;
4.66703e-05 4.52836e-05 3.98678e-05 3.76365e-05 3.49486e-05 3.02822e-05 2.67783e-05 2.44407e-05 2.30342e-05 2.25254e-05 2.24664e-05 2.18777e-05;
4.75579e-05 4.63931e-05 4.07791e-05 3.80793e-05 3.56585e-05 3.31590e-05 2.83208e-05 2.50447e-05 2.37610e-05 2.21977e-05 2.13800e-05 2.19616e-05;
4.82974e-05 4.76486e-05 4.19706e-05 3.87550e-05 3.54696e-05 3.45162e-05 3.09962e-05 2.67320e-05 2.49097e-05 2.31790e-05 2.20437e-05 2.14418e-05;
4.80042e-05 4.74564e-05 4.24473e-05 3.85391e-05 3.60224e-05 3.42636e-05 3.23250e-05 2.91883e-05 2.59783e-05 2.40244e-05 2.33767e-05 2.16732e-05;
4.74786e-05 4.69353e-05 4.38907e-05 3.98456e-05 3.70374e-05 3.49538e-05 3.38660e-05 3.25970e-05 3.06757e-05 3.05279e-05 2.83955e-05 2.49054e-05;
4.78361e-05 4.72759e-05 4.44806e-05 4.03306e-05 3.73530e-05 3.52154e-05 3.40995e-05 3.28112e-05 3.10654e-05 3.05391e-05 2.95483e-05 2.49853e-05];

N_Ki = [
1.83530e-04 1.76280e-04 1.55251e-04 1.27228e-04 1.08666e-04 9.12406e-05 8.06218e-05 6.56956e-05 4.95271e-05 4.53842e-05 3.28047e-05 2.96942e-05;
1.84983e-04 1.77739e-04 1.59091e-04 1.29704e-04 1.09132e-04 9.30101e-05 8.18313e-05 6.71450e-05 5.01035e-05 4.57504e-05 3.37601e-05 2.97529e-05;
1.89417e-04 1.82268e-04 1.68833e-04 1.38332e-04 1.12359e-04 9.85014e-05 8.46359e-05 6.87165e-05 5.20980e-05 4.76546e-05 3.56428e-05 3.15589e-05;
2.01383e-04 1.94223e-04 1.75100e-04 1.58942e-04 1.24688e-04 1.02242e-04 9.30049e-05 7.49038e-05 5.54750e-05 5.01703e-05 3.71475e-05 3.42529e-05;
2.12709e-04 2.05767e-04 1.84523e-04 1.78022e-04 1.46531e-04 1.16551e-04 1.01700e-04 8.27271e-05 6.12762e-05 5.42150e-05 3.97847e-05 3.62644e-05;
2.27991e-04 2.21177e-04 1.97490e-04 1.89384e-04 1.78170e-04 1.40377e-04 1.18890e-04 9.51592e-05 7.15920e-05 6.02857e-05 4.33130e-05 3.97546e-05;
2.46674e-04 2.40530e-04 2.14795e-04 2.03874e-04 1.94555e-04 1.74718e-04 1.40866e-04 1.12735e-04 8.55472e-05 6.98629e-05 4.98893e-05 4.49553e-05;
2.68946e-04 2.64870e-04 2.37282e-04 2.22796e-04 2.16518e-04 1.99818e-04 1.78546e-04 1.35681e-04 1.01267e-04 8.51306e-05 5.65211e-05 5.14840e-05;
3.01626e-04 2.97561e-04 2.70449e-04 2.50243e-04 2.39863e-04 2.24644e-04 2.17753e-04 1.80336e-04 1.26849e-04 1.05870e-04 7.18407e-05 5.87566e-05;
3.39677e-04 3.35156e-04 3.17597e-04 2.90059e-04 2.83446e-04 2.64826e-04 2.53892e-04 2.52616e-04 2.30951e-04 2.24845e-04 1.60263e-04 1.31432e-04;
3.59506e-04 3.54644e-04 3.37998e-04 3.08147e-04 3.00606e-04 2.80717e-04 2.69080e-04 2.67672e-04 2.45844e-04 2.24887e-04 1.92718e-04 1.52523e-04];

Pt3_Kp = [
1.96813e-07 1.94678e-07 1.86735e-07 1.93830e-07 2.08761e-07 2.25353e-07 2.27637e-07 2.42837e-07 1.80208e-07 1.81968e-07 2.20212e-07 1.75757e-07;
1.96256e-07 1.94135e-07 1.84517e-07 1.91312e-07 2.04930e-07 2.21617e-07 2.25264e-07 2.41595e-07 1.76853e-07 1.80186e-07 2.16373e-07 1.73177e-07;
2.71959e-07 1.92519e-07 1.81526e-07 1.84257e-07 1.94619e-07 2.10709e-07 2.17191e-07 2.34719e-07 1.70600e-07 1.74949e-07 2.08888e-07 2.22672e-07;
2.70711e-07 2.69327e-07 2.57546e-07 1.73830e-07 1.83463e-07 1.93657e-07 2.03196e-07 2.21039e-07 1.63201e-07 1.65821e-07 1.91858e-07 1.98812e-07;
2.68693e-07 2.67217e-07 2.55090e-07 2.40451e-07 2.53820e-07 1.79900e-07 1.78138e-07 1.92406e-07 2.27479e-07 2.30670e-07 1.81145e-07 1.78905e-07;
2.65701e-07 2.64091e-07 2.51686e-07 2.37143e-07 2.32975e-07 2.49732e-07 1.65040e-07 1.74116e-07 1.93733e-07 2.00948e-07 1.63889e-07 1.66350e-07;
2.61687e-07 2.59850e-07 2.47018e-07 2.32581e-07 2.27224e-07 2.28219e-07 2.33476e-07 1.60243e-07 1.70000e-07 1.77903e-07 1.36918e-07 1.49840e-07;
2.56415e-07 2.54372e-07 2.41049e-07 2.26723e-07 2.21461e-07 2.17489e-07 2.10268e-07 2.26734e-07 1.54212e-07 1.54920e-07 1.84705e-07 1.90634e-07;
2.49308e-07 2.47363e-07 2.33664e-07 2.19259e-07 2.13860e-07 2.09881e-07 1.95746e-07 1.95758e-07 2.11058e-07 1.34531e-07 1.62118e-07 1.61981e-07;
2.40818e-07 2.38801e-07 2.28184e-07 2.16903e-07 2.05733e-07 2.01530e-07 2.01015e-07 1.87293e-07 1.86549e-07 1.78811e-07 1.88075e-07 1.75214e-07;
2.35867e-07 2.33852e-07 2.23539e-07 2.12282e-07 2.00745e-07 1.96833e-07 1.96110e-07 1.82609e-07 1.81952e-07 1.78641e-07 1.73971e-07 1.57337e-07];

Pt3_Ki = [
2.09019e-06 2.01838e-06 1.82203e-06 1.64258e-06 1.48923e-06 1.37416e-06 1.22111e-06 1.10835e-06 5.25743e-07 4.99299e-07 4.62844e-07 2.82082e-07;
2.09163e-06 2.02024e-06 1.83525e-06 1.64995e-06 1.48111e-06 1.38057e-06 1.22573e-06 1.12039e-06 5.26968e-07 4.99846e-07 4.67624e-07 2.80897e-07;
4.20621e-06 2.02646e-06 1.84917e-06 1.67953e-06 1.47345e-06 1.40119e-06 1.23005e-06 1.12167e-06 5.33509e-07 5.06346e-07 4.76693e-07 4.58081e-07;
4.20721e-06 4.08043e-06 3.71988e-06 1.74152e-06 1.52661e-06 1.38202e-06 1.26952e-06 1.14337e-06 5.43971e-07 5.11113e-07 4.75349e-07 4.58633e-07;
4.21155e-06 4.09122e-06 3.71746e-06 3.57501e-06 3.22308e-06 1.44146e-06 1.27870e-06 1.15608e-06 1.01636e-06 9.50839e-07 4.80091e-07 4.56337e-07;
4.21868e-06 4.10429e-06 3.71985e-06 3.56585e-06 3.36210e-06 3.06324e-06 1.33318e-06 1.20939e-06 1.02993e-06 9.48300e-07 4.81480e-07 4.62731e-07;
4.22037e-06 4.11664e-06 3.73046e-06 3.55606e-06 3.37236e-06 3.22087e-06 2.81090e-06 1.26325e-06 1.07776e-06 9.62943e-07 4.96103e-07 4.75050e-07;
4.21649e-06 4.13399e-06 3.75195e-06 3.55554e-06 3.37527e-06 3.27388e-06 2.97519e-06 2.66458e-06 1.12321e-06 1.01068e-06 9.18248e-07 8.91813e-07;
4.21837e-06 4.14006e-06 3.78690e-06 3.55758e-06 3.38231e-06 3.27953e-06 3.08167e-06 2.82565e-06 2.36843e-06 1.05019e-06 9.69822e-07 8.68578e-07;
4.22674e-06 4.14792e-06 3.89427e-06 3.66462e-06 3.46683e-06 3.34861e-06 3.29104e-06 3.12670e-06 3.01373e-06 2.94463e-06 2.47652e-06 2.16378e-06;
4.23568e-06 4.15616e-06 3.91610e-06 3.67911e-06 3.47791e-06 3.35937e-06 3.30004e-06 3.13600e-06 3.02921e-06 2.85732e-06 2.58841e-06 2.18970e-06];

Tt4_Kp = [
-0.00000e+00 -0.00000e+00 -0.00000e+00 -0.00000e+00 -0.00000e+00 -0.00000e+00 -0.00000e+00 -0.00000e+00 -0.00000e+00 -0.00000e+00 -0.00000e+00 -0.00000e+00;
-0.00000e+00 -0.00000e+00 -0.00000e+00 -0.00000e+00 -0.00000e+00 -0.00000e+00 -0.00000e+00 -0.00000e+00 -0.00000e+00 -0.00000e+00 -0.00000e+00 -0.00000e+00;
-0.00000e+00 -0.00000e+00 -0.00000e+00 -0.00000e+00 -0.00000e+00 -0.00000e+00 -0.00000e+00 -0.00000e+00 -0.00000e+00 -0.00000e+00 -0.00000e+00 -0.00000e+00;
-0.00000e+00 -0.00000e+00 -0.00000e+00 -0.00000e+00 -0.00000e+00 -0.00000e+00 -0.00000e+00 -0.00000e+00 -0.00000e+00 -0.00000e+00 -0.00000e+00 -0.00000e+00;
-0.00000e+00 -0.00000e+00 -0.00000e+00 -0.00000e+00 -0.00000e+00 -0.00000e+00 -0.00000e+00 -0.00000e+00 -0.00000e+00 -0.00000e+00 -0.00000e+00 -0.00000e+00;
-0.00000e+00 -0.00000e+00 -0.00000e+00 -0.00000e+00 -0.00000e+00 -0.00000e+00 -0.00000e+00 -0.00000e+00 -0.00000e+00 -0.00000e+00 -0.00000e+00 -0.00000e+00;
-0.00000e+00 -0.00000e+00 -0.00000e+00 -0.00000e+00 -0.00000e+00 -0.00000e+00 -0.00000e+00 -0.00000e+00 -0.00000e+00 -0.00000e+00 -0.00000e+00 -0.00000e+00;
-0.00000e+00 -0.00000e+00 -0.00000e+00 -0.00000e+00 -0.00000e+00 -0.00000e+00 -0.00000e+00 -0.00000e+00 -0.00000e+00 -0.00000e+00 -0.00000e+00 -0.00000e+00;
-0.00000e+00 -0.00000e+00 -0.00000e+00 -0.00000e+00 -0.00000e+00 -0.00000e+00 -0.00000e+00 -0.00000e+00 -0.00000e+00 -0.00000e+00 -0.00000e+00 -0.00000e+00;
-0.00000e+00 -0.00000e+00 -0.00000e+00 -0.00000e+00 -0.00000e+00 -0.00000e+00 -0.00000e+00 -0.00000e+00 -0.00000e+00 -0.00000e+00 -0.00000e+00 -0.00000e+00;
-0.00000e+00 -0.00000e+00 -0.00000e+00 -0.00000e+00 -0.00000e+00 -0.00000e+00 -0.00000e+00 -0.00000e+00 -0.00000e+00 -0.00000e+00 -0.00000e+00 -0.00000e+00];

Tt4_Ki = [
1.32340e-03 1.29411e-03 1.22696e-03 1.15578e-03 1.06972e-03 1.00112e-03 9.31310e-04 8.51225e-04 7.73408e-04 7.20143e-04 6.51133e-04 5.94037e-04;
1.33315e-03 1.30363e-03 1.23548e-03 1.16377e-03 1.07789e-03 1.00973e-03 9.37138e-04 8.55872e-04 7.80691e-04 7.25176e-04 6.55942e-04 5.97452e-04;
1.36271e-03 1.33249e-03 1.26259e-03 1.18735e-03 1.10223e-03 1.03351e-03 9.53129e-04 8.73151e-04 8.02540e-04 7.38746e-04 6.68712e-04 6.17180e-04;
1.41307e-03 1.38164e-03 1.30978e-03 1.22664e-03 1.13918e-03 1.06980e-03 9.84115e-04 9.04904e-04 8.26051e-04 7.61548e-04 7.00868e-04 6.45359e-04;
1.48588e-03 1.45267e-03 1.37789e-03 1.28641e-03 1.19226e-03 1.11718e-03 1.03872e-03 9.45529e-04 8.68646e-04 8.01148e-04 7.28768e-04 6.82557e-04;
1.58371e-03 1.54810e-03 1.46954e-03 1.37170e-03 1.26422e-03 1.17856e-03 1.09274e-03 1.00532e-03 9.21991e-04 8.53306e-04 7.73733e-04 7.17005e-04;
1.71068e-03 1.67148e-03 1.58728e-03 1.48202e-03 1.36270e-03 1.25953e-03 1.15994e-03 1.06729e-03 9.90877e-04 9.05685e-04 8.25216e-04 7.58591e-04;
1.87194e-03 1.82710e-03 1.73487e-03 1.62023e-03 1.48692e-03 1.37116e-03 1.24814e-03 1.14345e-03 1.05710e-03 9.70749e-04 8.86032e-04 8.12044e-04;
2.07425e-03 2.02441e-03 1.91898e-03 1.79346e-03 1.64321e-03 1.51463e-03 1.36859e-03 1.24491e-03 1.15204e-03 1.05176e-03 9.47364e-04 8.72747e-04;
2.31830e-03 2.26250e-03 2.16953e-03 2.05250e-03 1.94612e-03 1.80755e-03 1.68652e-03 1.55548e-03 1.42455e-03 1.37045e-03 1.22647e-03 1.13669e-03;
2.46080e-03 2.40167e-03 2.30143e-03 2.17681e-03 2.06415e-03 1.91513e-03 1.78674e-03 1.64644e-03 1.50551e-03 1.39018e-03 1.28616e-03 1.18470e-03];

Tt5_Kp = [
-0.00000e+00 -0.00000e+00 -0.00000e+00 -0.00000e+00 -0.00000e+00 -0.00000e+00 -0.00000e+00 -0.00000e+00 -0.00000e+00 -0.00000e+00 -0.00000e+00 -0.00000e+00;
-0.00000e+00 -0.00000e+00 -0.00000e+00 -0.00000e+00 -0.00000e+00 -0.00000e+00 -0.00000e+00 -0.00000e+00 -0.00000e+00 -0.00000e+00 -0.00000e+00 -0.00000e+00;
-0.00000e+00 -0.00000e+00 -0.00000e+00 -0.00000e+00 -0.00000e+00 -0.00000e+00 -0.00000e+00 -0.00000e+00 -0.00000e+00 -0.00000e+00 -0.00000e+00 -0.00000e+00;
-0.00000e+00 -0.00000e+00 -0.00000e+00 -0.00000e+00 -0.00000e+00 -0.00000e+00 -0.00000e+00 -0.00000e+00 -0.00000e+00 -0.00000e+00 -0.00000e+00 -0.00000e+00;
-0.00000e+00 -0.00000e+00 -0.00000e+00 -0.00000e+00 -0.00000e+00 -0.00000e+00 -0.00000e+00 -0.00000e+00 -0.00000e+00 -0.00000e+00 -0.00000e+00 -0.00000e+00;
-0.00000e+00 -0.00000e+00 -0.00000e+00 -0.00000e+00 -0.00000e+00 -0.00000e+00 -0.00000e+00 -0.00000e+00 -0.00000e+00 -0.00000e+00 -0.00000e+00 -0.00000e+00;
-0.00000e+00 -0.00000e+00 -0.00000e+00 -0.00000e+00 -0.00000e+00 -0.00000e+00 -0.00000e+00 -0.00000e+00 -0.00000e+00 -0.00000e+00 -0.00000e+00 -0.00000e+00;
-0.00000e+00 -0.00000e+00 -0.00000e+00 -0.00000e+00 -0.00000e+00 -0.00000e+00 -0.00000e+00 -0.00000e+00 -0.00000e+00 -0.00000e+00 -0.00000e+00 -0.00000e+00;
-0.00000e+00 -0.00000e+00 -0.00000e+00 -0.00000e+00 -0.00000e+00 -0.00000e+00 -0.00000e+00 -0.00000e+00 -0.00000e+00 -0.00000e+00 -0.00000e+00 -0.00000e+00;
-0.00000e+00 -0.00000e+00 -0.00000e+00 -0.00000e+00 -0.00000e+00 -0.00000e+00 -0.00000e+00 -0.00000e+00 -0.00000e+00 -0.00000e+00 -0.00000e+00 -0.00000e+00;
-0.00000e+00 -0.00000e+00 -0.00000e+00 -0.00000e+00 -0.00000e+00 -0.00000e+00 -0.00000e+00 -0.00000e+00 -0.00000e+00 -0.00000e+00 -0.00000e+00 -0.00000e+00];

Tt5_Ki = [
1.45589e-03 1.42835e-03 1.36791e-03 1.30631e-03 1.21530e-03 1.14460e-03 1.07022e-03 9.82345e-04 8.87023e-04 8.26147e-04 7.40333e-04 6.66917e-04;
1.46649e-03 1.43868e-03 1.37574e-03 1.31458e-03 1.22688e-03 1.15416e-03 1.07735e-03 9.87097e-04 8.96913e-04 8.32935e-04 7.47122e-04 6.72085e-04;
1.49863e-03 1.46988e-03 1.40423e-03 1.33762e-03 1.25888e-03 1.18142e-03 1.09826e-03 1.00970e-03 9.25388e-04 8.51172e-04 7.64638e-04 6.99365e-04;
1.55333e-03 1.52302e-03 1.45637e-03 1.37358e-03 1.29600e-03 1.23172e-03 1.13521e-03 1.04956e-03 9.55875e-04 8.82022e-04 8.08199e-04 7.41195e-04;
1.63223e-03 1.59963e-03 1.53130e-03 1.43294e-03 1.34650e-03 1.28031e-03 1.20703e-03 1.10981e-03 1.01100e-03 9.35869e-04 8.46601e-04 7.93268e-04;
1.73825e-03 1.70270e-03 1.63187e-03 1.52764e-03 1.41148e-03 1.33969e-03 1.26428e-03 1.17993e-03 1.08982e-03 1.01075e-03 9.07269e-04 8.40316e-04;
1.87672e-03 1.83642e-03 1.76053e-03 1.65034e-03 1.51947e-03 1.41354e-03 1.33081e-03 1.24697e-03 1.17285e-03 1.08379e-03 9.86678e-04 8.98631e-04;
2.05371e-03 2.00522e-03 1.92116e-03 1.80349e-03 1.65698e-03 1.53181e-03 1.41159e-03 1.32400e-03 1.24661e-03 1.16161e-03 1.06355e-03 9.76836e-04;
2.27605e-03 2.22136e-03 2.12083e-03 1.99572e-03 1.83023e-03 1.69080e-03 1.53442e-03 1.41890e-03 1.34704e-03 1.25188e-03 1.13518e-03 1.06322e-03;
2.54425e-03 2.48298e-03 2.38720e-03 2.27868e-03 2.16483e-03 2.01316e-03 1.88117e-03 1.73943e-03 1.60146e-03 1.54530e-03 1.41723e-03 1.34765e-03;
2.70085e-03 2.63588e-03 2.53069e-03 2.41542e-03 2.29534e-03 2.13237e-03 1.99217e-03 1.84034e-03 1.69055e-03 1.57070e-03 1.47003e-03 1.39802e-03];

NcFAN = [
1.01000e+00 9.99900e-01 9.74994e-01 9.49998e-01 9.24995e-01 8.99993e-01 8.74996e-01 8.49990e-01 8.25008e-01 8.00008e-01 7.75004e-01 7.49999e-01;
1.01000e+00 9.99901e-01 9.75001e-01 9.49993e-01 9.24995e-01 8.99995e-01 8.74993e-01 8.49991e-01 8.25007e-01 8.00007e-01 7.75001e-01 7.50000e-01;
1.01000e+00 9.99894e-01 9.75001e-01 9.49994e-01 9.24995e-01 8.99996e-01 8.74995e-01 8.49991e-01 8.25004e-01 8.00008e-01 7.75001e-01 7.49997e-01;
1.01000e+00 9.99896e-01 9.74991e-01 9.49996e-01 9.24994e-01 8.99995e-01 8.74995e-01 8.49994e-01 8.25004e-01 8.00003e-01 7.75002e-01 7.49998e-01;
1.01000e+00 9.99897e-01 9.74993e-01 9.49994e-01 9.24992e-01 8.99995e-01 8.74995e-01 8.49995e-01 8.24995e-01 8.00005e-01 7.75001e-01 7.50004e-01;
1.01000e+00 9.99901e-01 9.74998e-01 9.49998e-01 9.25003e-01 8.99994e-01 8.74997e-01 8.49995e-01 8.24998e-01 8.00004e-01 7.75002e-01 7.50007e-01;
1.01000e+00 9.99898e-01 9.74999e-01 9.49999e-01 9.25000e-01 9.00000e-01 8.74995e-01 8.49997e-01 8.24996e-01 7.99995e-01 7.75001e-01 7.50005e-01;
1.01000e+00 9.99896e-01 9.74989e-01 9.49991e-01 9.24991e-01 9.00001e-01 8.75001e-01 8.49996e-01 8.24997e-01 7.99997e-01 7.75002e-01 7.50008e-01;
1.01000e+00 9.99893e-01 9.74994e-01 9.49994e-01 9.24994e-01 8.99993e-01 8.74999e-01 8.49993e-01 8.24996e-01 7.99998e-01 7.75001e-01 7.50005e-01;
1.01000e+00 9.99896e-01 9.79995e-01 9.60000e-01 9.39995e-01 9.19996e-01 9.00001e-01 8.80003e-01 8.60001e-01 8.50000e-01 8.20000e-01 7.99999e-01;
1.01000e+00 9.99900e-01 9.80000e-01 9.59996e-01 9.39997e-01 9.19998e-01 8.99997e-01 8.79999e-01 8.59997e-01 8.40000e-01 8.19993e-01 7.99996e-01];

Pt3 = [
4.80561e+05 4.68111e+05 4.36908e+05 4.07783e+05 3.80034e+05 3.54333e+05 3.29013e+05 3.04969e+05 2.82926e+05 2.62010e+05 2.42892e+05 2.25782e+05;
4.83974e+05 4.71435e+05 4.39984e+05 4.10403e+05 3.82319e+05 3.56351e+05 3.30793e+05 3.06542e+05 2.84340e+05 2.63233e+05 2.43972e+05 2.26694e+05;
4.94318e+05 4.81487e+05 4.49369e+05 4.18483e+05 3.89355e+05 3.62497e+05 3.36208e+05 3.11323e+05 2.88558e+05 2.66940e+05 2.47249e+05 2.29454e+05;
5.11915e+05 4.98622e+05 4.65320e+05 4.32593e+05 4.01541e+05 3.73151e+05 3.45513e+05 3.19418e+05 2.95748e+05 2.73253e+05 2.52765e+05 2.34248e+05;
5.37312e+05 5.23344e+05 4.88365e+05 4.53795e+05 4.19657e+05 3.88908e+05 3.59272e+05 3.31378e+05 3.06129e+05 2.82247e+05 2.60643e+05 2.41215e+05;
5.71302e+05 5.56432e+05 5.19194e+05 4.82441e+05 4.45136e+05 4.10681e+05 3.78108e+05 3.47867e+05 3.20183e+05 2.94257e+05 2.71094e+05 2.50318e+05;
6.14951e+05 5.98885e+05 5.58726e+05 5.19162e+05 4.78999e+05 4.40122e+05 4.03064e+05 3.69510e+05 3.38813e+05 3.09933e+05 2.84419e+05 2.61681e+05;
6.69571e+05 6.52052e+05 6.08163e+05 5.65060e+05 5.21332e+05 4.78924e+05 4.35996e+05 3.97458e+05 3.62520e+05 3.29751e+05 3.00988e+05 2.75822e+05;
7.37549e+05 7.18240e+05 6.69774e+05 6.22210e+05 5.74036e+05 5.27280e+05 4.79639e+05 4.33974e+05 3.92969e+05 3.55005e+05 3.21469e+05 2.92801e+05;
8.18647e+05 7.97221e+05 7.54125e+05 7.11455e+05 6.69020e+05 6.26358e+05 5.84998e+05 5.42686e+05 5.00997e+05 4.80723e+05 4.21948e+05 3.86041e+05;
8.65796e+05 8.43150e+05 7.97566e+05 7.52360e+05 7.07429e+05 6.62285e+05 6.18531e+05 5.73775e+05 5.29608e+05 4.86740e+05 4.44522e+05 4.04765e+05];

Tt3 = [
4.88432e+02 4.84080e+02 4.73589e+02 4.63380e+02 4.53511e+02 4.43873e+02 4.34033e+02 4.24015e+02 4.14627e+02 4.05312e+02 3.96196e+02 3.87453e+02;
4.89400e+02 4.85040e+02 4.74521e+02 4.64211e+02 4.54271e+02 4.44580e+02 4.34692e+02 4.24622e+02 4.15195e+02 4.05839e+02 3.96679e+02 3.87869e+02;
4.92304e+02 4.87911e+02 4.77335e+02 4.66749e+02 4.56590e+02 4.46731e+02 4.36681e+02 4.26453e+02 4.16920e+02 4.07424e+02 3.98133e+02 3.89132e+02;
4.97142e+02 4.92708e+02 4.82018e+02 4.71100e+02 4.60537e+02 4.50394e+02 4.40041e+02 4.29548e+02 4.19812e+02 4.10083e+02 4.00629e+02 3.91498e+02;
5.03913e+02 4.99418e+02 4.88581e+02 4.77454e+02 4.66251e+02 4.55666e+02 4.44908e+02 4.34021e+02 4.23915e+02 4.13924e+02 4.04211e+02 3.94925e+02;
5.12615e+02 5.08043e+02 4.97011e+02 4.85701e+02 4.74008e+02 4.62691e+02 4.51365e+02 4.40004e+02 4.29385e+02 4.18945e+02 4.09007e+02 3.99427e+02;
5.23246e+02 5.18570e+02 5.07296e+02 4.95760e+02 4.83833e+02 4.71760e+02 4.59550e+02 4.47580e+02 4.36372e+02 4.25383e+02 4.14974e+02 4.04989e+02;
5.35789e+02 5.31003e+02 5.19425e+02 5.07617e+02 4.95420e+02 4.83045e+02 4.69785e+02 4.56867e+02 4.44884e+02 4.33199e+02 4.22151e+02 4.11831e+02;
5.50376e+02 5.45468e+02 5.33560e+02 5.21424e+02 5.08912e+02 4.96198e+02 4.82495e+02 4.68298e+02 4.55224e+02 4.42635e+02 4.30776e+02 4.19893e+02;
5.66512e+02 5.61478e+02 5.51689e+02 5.41768e+02 5.31617e+02 5.21249e+02 5.10776e+02 4.99594e+02 4.87871e+02 4.81899e+02 4.64622e+02 4.53656e+02;
5.75345e+02 5.70244e+02 5.60311e+02 5.50233e+02 5.39922e+02 5.29393e+02 5.18761e+02 5.07410e+02 4.95492e+02 4.83200e+02 4.71491e+02 4.59905e+02];

Tt4 = [
1.16707e+03 1.14113e+03 1.07904e+03 1.02422e+03 9.78566e+02 9.40091e+02 9.06775e+02 8.79142e+02 8.59638e+02 8.45325e+02 8.35092e+02 8.30668e+02;
1.16949e+03 1.14349e+03 1.08110e+03 1.02494e+03 9.78222e+02 9.38975e+02 9.04976e+02 8.76500e+02 8.56411e+02 8.41555e+02 8.30670e+02 8.25121e+02;
1.17673e+03 1.15053e+03 1.08775e+03 1.02776e+03 9.78042e+02 9.36151e+02 8.99828e+02 8.68910e+02 8.47287e+02 8.30564e+02 8.17742e+02 8.09048e+02;
1.18882e+03 1.16234e+03 1.09885e+03 1.03445e+03 9.79233e+02 9.33137e+02 8.92395e+02 8.57436e+02 8.33013e+02 8.13265e+02 7.97963e+02 7.86459e+02;
1.20579e+03 1.17890e+03 1.11444e+03 1.04816e+03 9.84119e+02 9.31856e+02 8.85650e+02 8.44801e+02 8.15036e+02 7.91887e+02 7.73020e+02 7.58454e+02;
1.22770e+03 1.20027e+03 1.13452e+03 1.06715e+03 9.97061e+02 9.34685e+02 8.81062e+02 8.33991e+02 7.96753e+02 7.67652e+02 7.45271e+02 7.26596e+02;
1.25463e+03 1.22645e+03 1.15900e+03 1.09026e+03 1.01875e+03 9.46367e+02 8.81036e+02 8.25982e+02 7.81733e+02 7.45423e+02 7.16480e+02 6.91777e+02;
1.28644e+03 1.25756e+03 1.18792e+03 1.11747e+03 1.04434e+03 9.69791e+02 8.90578e+02 8.23196e+02 7.69937e+02 7.25061e+02 6.88602e+02 6.58930e+02;
1.32340e+03 1.29378e+03 1.22180e+03 1.14918e+03 1.07415e+03 9.97469e+02 9.14482e+02 8.30610e+02 7.63964e+02 7.08804e+02 6.62694e+02 6.26883e+02;
1.36420e+03 1.33381e+03 1.27459e+03 1.21468e+03 1.15374e+03 1.09142e+03 1.02818e+03 9.60327e+02 8.89283e+02 8.53434e+02 7.53813e+02 6.99695e+02;
1.38649e+03 1.35569e+03 1.29559e+03 1.23459e+03 1.17252e+03 1.10918e+03 1.04498e+03 9.76033e+02 9.03571e+02 8.29686e+02 7.60045e+02 6.98951e+02];

Wf = [
1.58322e-01 1.50324e-01 1.31526e-01 1.15585e-01 1.02340e-01 9.13773e-02 8.18302e-02 7.38022e-02 6.74874e-02 6.21735e-02 5.77425e-02 5.42615e-02;
1.59698e-01 1.51630e-01 1.32622e-01 1.16295e-01 1.02754e-01 9.16047e-02 8.18967e-02 7.37298e-02 6.73322e-02 6.19491e-02 5.74565e-02 5.38808e-02;
1.63885e-01 1.55600e-01 1.36078e-01 1.18562e-01 1.04167e-01 9.23452e-02 8.21367e-02 7.35343e-02 6.68937e-02 6.12862e-02 5.66076e-02 5.27551e-02;
1.71056e-01 1.62398e-01 1.42007e-01 1.22856e-01 1.06855e-01 9.38808e-02 8.26780e-02 7.32953e-02 6.62111e-02 6.02122e-02 5.52725e-02 5.11811e-02;
1.81517e-01 1.72310e-01 1.50641e-01 1.30087e-01 1.11370e-01 9.66041e-02 8.40070e-02 7.33810e-02 6.53667e-02 5.88506e-02 5.35010e-02 4.91484e-02;
1.95718e-01 1.85756e-01 1.62340e-01 1.40194e-01 1.18874e-01 1.01070e-01 8.63829e-02 7.42440e-02 6.47453e-02 5.72295e-02 5.14046e-02 4.66239e-02;
2.14279e-01 2.03317e-01 1.77579e-01 1.53348e-01 1.30026e-01 1.08541e-01 9.03914e-02 7.60379e-02 6.48746e-02 5.59363e-02 4.90647e-02 4.35017e-02;
2.37951e-01 2.25766e-01 1.97011e-01 1.70092e-01 1.44230e-01 1.20275e-01 9.73328e-02 7.93351e-02 6.57254e-02 5.48541e-02 4.65920e-02 4.02608e-02;
2.68025e-01 2.54319e-01 2.21754e-01 1.91356e-01 1.62266e-01 1.35293e-01 1.09072e-01 8.54877e-02 6.79138e-02 5.43423e-02 4.39669e-02 3.65117e-02;
3.04718e-01 2.89149e-01 2.59346e-01 2.30956e-01 2.03893e-01 1.77925e-01 1.53613e-01 1.29675e-01 1.06954e-01 9.63036e-02 6.86872e-02 5.49272e-02;
3.26426e-01 3.09753e-01 2.77833e-01 2.47370e-01 2.18304e-01 1.90473e-01 1.64454e-01 1.38815e-01 1.14406e-01 9.18598e-02 7.20351e-02 5.60268e-02];

Pt5 = [
2.05266e+05 1.99726e+05 1.85894e+05 1.73874e+05 1.63618e+05 1.55090e+05 1.47509e+05 1.41022e+05 1.35613e+05 1.30905e+05 1.26932e+05 1.23607e+05;
2.06742e+05 2.01162e+05 1.87201e+05 1.74861e+05 1.64381e+05 1.55691e+05 1.47993e+05 1.41405e+05 1.35929e+05 1.31156e+05 1.27137e+05 1.23770e+05;
2.11217e+05 2.05506e+05 1.91250e+05 1.77973e+05 1.66793e+05 1.57566e+05 1.49476e+05 1.42589e+05 1.36885e+05 1.31925e+05 1.27763e+05 1.24265e+05;
2.18834e+05 2.12914e+05 1.98137e+05 1.83638e+05 1.71124e+05 1.60946e+05 1.52104e+05 1.44641e+05 1.38550e+05 1.33261e+05 1.28838e+05 1.25138e+05;
2.29837e+05 2.23608e+05 2.08087e+05 1.92674e+05 1.77937e+05 1.66215e+05 1.56212e+05 1.47820e+05 1.41033e+05 1.35219e+05 1.30410e+05 1.26426e+05;
2.44583e+05 2.37935e+05 2.21401e+05 2.05045e+05 1.88337e+05 1.74014e+05 1.62201e+05 1.52505e+05 1.44583e+05 1.37926e+05 1.32556e+05 1.28140e+05;
2.63563e+05 2.56345e+05 2.38478e+05 2.20897e+05 2.02927e+05 1.85600e+05 1.70768e+05 1.59091e+05 1.49633e+05 1.41705e+05 1.35404e+05 1.30303e+05;
2.87363e+05 2.79460e+05 2.59851e+05 2.40706e+05 2.21187e+05 2.02175e+05 1.83301e+05 1.68356e+05 1.56547e+05 1.46761e+05 1.39131e+05 1.33146e+05;
3.17044e+05 3.08304e+05 2.86534e+05 2.65376e+05 2.43931e+05 2.22950e+05 2.01691e+05 1.81900e+05 1.66285e+05 1.53728e+05 1.44043e+05 1.36813e+05;
3.52510e+05 3.42797e+05 3.23344e+05 3.04216e+05 2.85333e+05 2.66347e+05 2.47803e+05 2.28792e+05 2.10289e+05 2.01391e+05 1.76386e+05 1.63205e+05;
3.73144e+05 3.62880e+05 3.42277e+05 3.21951e+05 3.01919e+05 2.81840e+05 2.62257e+05 2.42115e+05 2.22424e+05 2.03585e+05 1.85108e+05 1.69516e+05];

Tt5 = [
1.00125e+03 9.77981e+02 9.22417e+02 8.74327e+02 8.35592e+02 8.04240e+02 7.78536e+02 7.58990e+02 7.47363e+02 7.41082e+02 7.38854e+02 7.42266e+02;
1.00341e+03 9.80090e+02 9.24240e+02 8.74834e+02 8.35055e+02 8.02946e+02 7.76581e+02 7.56211e+02 7.44022e+02 7.37227e+02 7.34377e+02 7.36707e+02;
1.00989e+03 9.86373e+02 9.30164e+02 8.77001e+02 8.34292e+02 7.99585e+02 7.70959e+02 7.48215e+02 7.34556e+02 7.25986e+02 7.21292e+02 7.20600e+02;
1.02071e+03 9.96938e+02 9.40060e+02 8.82580e+02 8.34496e+02 7.95670e+02 7.62733e+02 7.36061e+02 7.19722e+02 7.08284e+02 7.01234e+02 6.97828e+02;
1.03591e+03 1.01175e+03 9.53972e+02 8.94687e+02 8.37961e+02 7.93107e+02 7.54865e+02 7.22464e+02 7.00973e+02 6.86319e+02 6.75900e+02 6.69562e+02;
1.05554e+03 1.03088e+03 9.71888e+02 9.11602e+02 8.48984e+02 7.94240e+02 7.48799e+02 7.10390e+02 6.81673e+02 6.61352e+02 6.47599e+02 6.37398e+02;
1.07970e+03 1.05433e+03 9.93754e+02 9.32201e+02 8.68268e+02 8.03744e+02 7.46906e+02 7.00775e+02 6.65375e+02 6.38179e+02 6.18187e+02 6.02267e+02;
1.10827e+03 1.08224e+03 1.01960e+03 9.56462e+02 8.91032e+02 8.24480e+02 7.54104e+02 6.96019e+02 6.52025e+02 6.16688e+02 5.89638e+02 5.69029e+02;
1.14146e+03 1.11475e+03 1.04992e+03 9.84757e+02 9.17574e+02 8.49052e+02 7.75088e+02 7.00978e+02 6.44112e+02 5.99041e+02 5.62898e+02 5.36624e+02;
1.17812e+03 1.15070e+03 1.09731e+03 1.04341e+03 9.88720e+02 9.32902e+02 8.76344e+02 8.15772e+02 7.52561e+02 7.20808e+02 6.33646e+02 5.88147e+02;
1.19816e+03 1.17036e+03 1.11615e+03 1.06123e+03 1.00549e+03 9.48722e+02 8.91281e+02 8.29699e+02 7.65160e+02 6.99737e+02 6.38507e+02 5.86372e+02];

FN = [
4.54620e+03 4.34432e+03 3.84186e+03 3.39309e+03 2.99143e+03 2.64130e+03 2.31679e+03 2.02747e+03 1.77858e+03 1.55566e+03 1.36290e+03 1.19820e+03;
4.34804e+03 4.14827e+03 3.65048e+03 3.20223e+03 2.80349e+03 2.45852e+03 2.14042e+03 1.85867e+03 1.61828e+03 1.40396e+03 1.22000e+03 1.06373e+03;
4.25037e+03 4.04984e+03 3.55043e+03 3.08369e+03 2.67366e+03 2.32123e+03 2.00039e+03 1.71839e+03 1.48041e+03 1.27002e+03 1.09095e+03 9.39182e+02;
4.24887e+03 4.04465e+03 3.53693e+03 3.04172e+03 2.60224e+03 2.22951e+03 1.89364e+03 1.60162e+03 1.36041e+03 1.14863e+03 9.70261e+02 8.20592e+02;
4.34218e+03 4.13120e+03 3.60769e+03 3.09145e+03 2.59718e+03 2.18761e+03 1.82437e+03 1.51036e+03 1.25463e+03 1.03513e+03 8.53175e+02 7.03193e+02;
4.53173e+03 4.31067e+03 3.76335e+03 3.22484e+03 2.68055e+03 2.20550e+03 1.79627e+03 1.45002e+03 1.16499e+03 9.26709e+02 7.36311e+02 5.81114e+02;
4.82187e+03 4.58691e+03 4.00661e+03 3.43757e+03 2.86271e+03 2.30966e+03 1.82168e+03 1.42355e+03 1.09928e+03 8.29181e+02 6.17572e+02 4.48583e+02;
5.21874e+03 4.96669e+03 4.34287e+03 3.73386e+03 3.11968e+03 2.52545e+03 1.93018e+03 1.44467e+03 1.05835e+03 7.40244e+02 4.95845e+02 3.08668e+02;
5.74056e+03 5.46730e+03 4.78885e+03 4.12797e+03 3.46367e+03 2.82059e+03 2.16591e+03 1.54827e+03 1.06022e+03 6.69655e+02 3.70033e+02 1.52571e+02;
6.37085e+03 6.07218e+03 5.47819e+03 4.89322e+03 4.31525e+03 3.73807e+03 3.17918e+03 2.60796e+03 2.04474e+03 1.77155e+03 1.01931e+03 6.25813e+02;
6.74299e+03 6.42951e+03 5.80618e+03 5.19138e+03 4.58390e+03 3.97824e+03 3.39231e+03 2.79319e+03 2.20092e+03 1.62786e+03 1.08386e+03 6.27636e+02];

FNper = [
1.00000e+00 9.55594e-01 8.45070e-01 7.46356e-01 6.58006e-01 5.80991e-01 5.09609e-01 4.45971e-01 3.91222e-01 3.42189e-01 2.99788e-01 2.63561e-01;
1.00000e+00 9.54055e-01 8.39570e-01 7.36476e-01 6.44772e-01 5.65433e-01 4.92273e-01 4.27474e-01 3.72186e-01 3.22894e-01 2.80586e-01 2.44646e-01;
1.00000e+00 9.52821e-01 8.35324e-01 7.25511e-01 6.29042e-01 5.46124e-01 4.70639e-01 4.04291e-01 3.48303e-01 2.98802e-01 2.56672e-01 2.20965e-01;
1.00000e+00 9.51935e-01 8.32440e-01 7.15888e-01 6.12455e-01 5.24730e-01 4.45680e-01 3.76951e-01 3.20181e-01 2.70337e-01 2.28357e-01 1.93132e-01;
1.00000e+00 9.51412e-01 8.30848e-01 7.11958e-01 5.98128e-01 5.03804e-01 4.20152e-01 3.47834e-01 2.88940e-01 2.38390e-01 1.96486e-01 1.61945e-01;
1.00000e+00 9.51218e-01 8.30443e-01 7.11613e-01 5.91506e-01 4.86680e-01 3.96376e-01 3.19970e-01 2.57074e-01 2.04493e-01 1.62479e-01 1.28232e-01;
1.00000e+00 9.51270e-01 8.30924e-01 7.12912e-01 5.93692e-01 4.78996e-01 3.77794e-01 2.95228e-01 2.27977e-01 1.71962e-01 1.28077e-01 9.30309e-02;
1.00000e+00 9.51703e-01 8.32169e-01 7.15471e-01 5.97785e-01 4.83920e-01 3.69856e-01 2.76824e-01 2.02797e-01 1.41844e-01 9.50124e-02 5.91461e-02;
1.00000e+00 9.52399e-01 8.34213e-01 7.19089e-01 6.03368e-01 4.91344e-01 3.77299e-01 2.69707e-01 1.84690e-01 1.16653e-01 6.44595e-02 2.65777e-02;
1.00000e+00 9.53120e-01 8.59883e-01 7.68064e-01 6.77343e-01 5.86745e-01 4.99019e-01 4.09358e-01 3.20952e-01 2.78072e-01 1.59996e-01 9.82307e-02;
1.00000e+00 9.53510e-01 8.61069e-01 7.69893e-01 6.79801e-01 5.89982e-01 5.03086e-01 4.14236e-01 3.26401e-01 2.41415e-01 1.60738e-01 9.30797e-02];

%Reads the size of the FNper Matrix
% [lin,~] = size(FNper);
[~,col] = size(FNper);

%Corrects vector order if thrust vector is backwards
% if FNper(1,lin) < FNper(1,1)
if FNper(1,col) < FNper(1,1)
        
    A  =  fliplr(A);
    B  =  fliplr(B);
    C  =  fliplr(C);
    D  =  fliplr(D);   
    
    N_Kp  =  fliplr(N_Kp);
    N_Ki  =  fliplr(N_Ki);
    Pt3_Kp  =  fliplr(Pt3_Kp);
    Pt3_Ki  =  fliplr(Pt3_Ki);
    Tt4_Kp  =  fliplr(Tt4_Kp);
    Tt4_Ki  =  fliplr(Tt4_Ki);
    Tt5_Kp  =  fliplr(Tt5_Kp);
    Tt5_Ki  =  fliplr(Tt5_Ki);
    
    NcFAN  =  fliplr(NcFAN);

%     Pt21  =  fliplr(Pt21);
%     Tt21  =  fliplr(Tt21);
    Pt3   =  fliplr(Pt3);
    Tt3   = fliplr(Tt3);
    Tt4   =  fliplr(Tt4);
    Pt5   =  fliplr(Pt5);
    Tt5   = fliplr(Tt5);
%     Pt6   =  fliplr(Pt6);
%     Tt6   = fliplr(Tt6);
    FN    =  fliplr(FN);
    FNper =  fliplr(FNper);
    Wf = fliplr(Wf);
    
    %For the unified model, in a single spool jet, station 21 equals station 3
    %and station 6 equals station 5
    Pt21 = Pt3;
    Tt21 = Tt3;
    Pt6 = Pt5;
    Tt6 = Tt5;
    
end

%FNper = round(100*FNper)/100;

end

