%Altitude = 0 m
%dT =  K

MN = [
0.00000e+00];

NcFAN = [
7.49997e-01 7.00018e-01 6.50026e-01 6.51610e-01 7.02858e-01 7.28051e-01];

A = [
-1.23416e+00 -6.70215e-01 -3.00979e-01 -3.14221e-01 -8.19462e-01 -1.11556e+00];

B = [
2.24323e+05 2.24898e+05 2.02245e+05 2.02242e+05 2.26371e+05 2.27411e+05];

C = [
1.00000e+00 1.00000e+00 1.00000e+00 1.00000e+00 1.00000e+00 1.00000e+00;
2.47691e+01 1.97610e+01 1.81657e+01 1.81028e+01 2.12105e+01 2.37307e+01;
1.24368e-02 1.08789e-02 1.14397e-02 1.13435e-02 1.19891e-02 1.27532e-02;
-3.99049e-02 -4.05531e-02 -4.84155e-02 -4.80837e-02 -4.24678e-02 -4.19796e-02;
4.72905e+00 3.34538e+00 2.74504e+00 2.75792e+00 3.62022e+00 4.31208e+00;
-4.74771e-02 -4.85208e-02 -5.82526e-02 -5.77822e-02 -5.08791e-02 -5.01128e-02];

D = [
0.00000e+00 0.00000e+00 0.00000e+00 0.00000e+00 0.00000e+00 0.00000e+00;
1.02128e+06 9.51600e+05 8.47024e+05 8.49518e+05 9.53148e+05 9.88002e+05;
4.14567e+02 4.25337e+02 4.35863e+02 4.35108e+02 4.22841e+02 4.16575e+02;
8.39968e+03 9.79612e+03 1.13107e+04 1.12422e+04 9.70117e+03 8.97815e+03;
2.21265e+05 1.86788e+05 1.62857e+05 1.63870e+05 1.82534e+05 1.99520e+05;
7.36309e+03 8.67701e+03 1.02304e+04 1.01642e+04 8.58058e+03 7.89886e+03];

N_Kp = [
2.22628e-05 2.22251e-05 2.47189e-05 2.47190e-05 2.20745e-05 2.19630e-05];

N_Ki = [
2.80402e-05 1.51656e-05 7.73591e-06 8.06338e-06 1.84951e-05 2.50518e-05];

Pt3_Kp = [
1.43055e-07 1.61391e-07 1.62899e-07 1.62373e-07 1.82511e-07 1.52720e-07];

Pt3_Ki = [
2.56871e-07 1.56121e-07 7.08344e-08 7.32028e-08 2.29375e-07 2.47981e-07];

Tt4_Kp = [
-0.00000e+00 -0.00000e+00 -0.00000e+00 -0.00000e+00 -0.00000e+00 -0.00000e+00];

Tt4_Ki = [
6.12778e-04 5.14272e-04 4.40060e-04 4.42951e-04 5.21971e-04 5.70570e-04];

Tt5_Kp = [
-0.00000e+00 -0.00000e+00 -0.00000e+00 -0.00000e+00 -0.00000e+00 -0.00000e+00];

Tt5_Ki = [
6.98814e-04 5.77418e-04 4.82688e-04 4.86153e-04 5.87284e-04 6.47182e-04];

NcFAN = [
7.49997e-01 7.00018e-01 6.50026e-01 6.51610e-01 7.02858e-01 7.28051e-01];

Pt3 = [
2.40897e+05 2.08460e+05 1.85578e+05 1.86290e+05 2.09909e+05 2.26311e+05];

Tt3 = [
3.94643e+02 3.77712e+02 3.64687e+02 3.65129e+02 3.78481e+02 3.87385e+02];

Tt4 = [
8.28239e+02 8.27226e+02 8.54149e+02 8.53104e+02 8.26467e+02 8.26717e+02];

Wf = [
5.22076e-02 4.67298e-02 4.45738e-02 4.46348e-02 4.69158e-02 4.96866e-02];

Pt5 = [
1.26086e+05 1.20112e+05 1.16382e+05 1.16497e+05 1.20366e+05 1.23314e+05];

Tt5 = [
7.33113e+02 7.47490e+02 7.86739e+02 7.85278e+02 7.46014e+02 7.38172e+02];

FN = [
1.26960e+03 9.81680e+02 7.95634e+02 8.01295e+02 9.93968e+02 1.13714e+03];

FNper = [
1.00000e+00 7.73219e-01 6.26680e-01 6.31139e-01 7.82898e-01 8.95668e-01];

